2 3 27000 0.0
0 4 1109000 3.51172228383e-05
1 7 5156000 0.000175721036214
3 5 6000 8.66999206026e-05
4 0 49000 2.73926612788e-05
4 0 30000 0.000135036162259
2 3 73000 0.000243761265825
6 2 1877000 1.71327284999e-05
7 6 1325000 6.47097501061e-05
6 2 6000 0.000176077685873
1 7 876000 0.000138551010149
7 6 5206000 0.000310172767947
7 6 7492000 6.00237557598e-05
6 2 6000 0.000136814451573
0 4 37000 5.64795541294e-05
1 7 17000 4.46249628849e-06
6 2 26000 0.000270392166611
0 4 4018000 0.000164184576396
7 6 6000 0.00017363851704
4 0 6000 0.000104432674207
7 6 15000 0.00038431030447
5 1 6000 0.000131243844627
4 0 6000 7.88691499665e-07
0 4 759000 5.87580351219e-05
1 7 6000 3.13861809611e-05
2 3 18000 3.03998517404e-05
5 1 534000 2.04554784722e-05
1 7 438000 4.40447966528e-05
5 1 3017000 0.00016783527414
4 0 665000 0.000130693439987
2 3 10000 2.71378535959e-05
4 0 6095000 0.00028555499796
7 6 45000 0.000115770783286
2 3 25000 0.000166383699963
1 7 388000 4.27899392426e-05
5 1 20000 2.78215457898e-05
7 6 1635000 3.8526450489e-05
1 7 14000 0.000337854080658
0 4 1213000 0.000336797541582
5 1 49000 0.000156109647725
7 6 6000 1.60483802634e-05
1 7 41000 0.000159954221613
3 5 4471000 0.000156043906997
1 7 1070000 2.03825959768e-05
1 7 2792000 0.000155446113584
3 5 6000 0.000130778616418
1 7 6000 0.000351705355111
7 6 27000 0.000132245008752
1 7 4776000 0.000152896337335
6 2 19000 0.000100244919081
3 5 32000 9.66017357995e-06
7 6 29000 2.60527001268e-05
1 7 398000 7.6487027745e-05
4 0 448000 0.000166299534129
3 5 931000 0.000132970251435
7 6 2042000 0.000100690169203
7 6 6510000 0.000141920605575
4 0 9848000 3.89028118812e-05
7 6 6000 0.000116013813337
0 4 1325000 1.69566699169e-05
0 4 42000 0.000154999230459
3 5 6000 4.8637564722e-05
4 0 1036000 0.00010371417586
0 4 9000 2.83085153878e-05
5 1 16000 8.02806992439e-06
3 5 25000 0.000242747177247
5 1 44000 6.21114178385e-05
2 3 666000 0.000283703052499
7 6 30000 1.03590520626e-05
7 6 12000 9.69108808089e-05
7 6 1501000 0.000103343993114
4 0 11000 0.000132783041686
7 6 1321000 5.31699949169e-05
1 7 5564000 6.4785282359e-05
6 2 55000 7.22413701102e-05
1 7 23000 0.000369723270158
7 6 6000 0.000184179028024
2 3 428000 4.24972293687e-05
2 3 6000 4.74031436548e-06
7 6 1195000 0.000599825864662
4 0 15000 6.47604349204e-05
3 5 243000 0.000276537789905
7 6 6000 0.00036905089399
0 4 58000 0.000126415472576
2 3 502000 7.0140286601e-07
7 6 126000 2.10605644688e-05
0 4 6341000 0.0001655987724
0 4 16000 2.88928832914e-05
1 7 4686000 0.000126494811735
7 6 1195000 6.680904171e-05
4 0 509000 6.50778946214e-05
3 5 43000 0.000673712411212
7 6 22000 4.02156320611e-05
0 4 33000 0.000227749294164
5 1 2157000 3.93027450554e-05
0 4 947000 6.4979524641e-05
3 5 631000 3.71269855415e-05
2 3 16000 0.000262422830815
6 2 50000 1.99569991342e-05
5 1 6000 0.000240654917486
4 0 29000 0.000129223900303
6 2 18000 0.000112216318001
7 6 686000 0.000243246820002
4 0 650000 0.000397925374749
2 3 5752000 0.00014027122872
7 6 5277000 0.000214508919159
3 5 17000 0.000297807052193
3 5 18000 0.000156446932802
5 1 51000 6.76297855715e-05
6 2 2310000 0.000125103136209
7 6 15000 7.67051976438e-05
6 2 631000 9.14364933335e-05
3 5 6655000 0.000356204531135
6 2 409000 5.08651011542e-05
7 6 3313000 0.000444722494631
2 3 110000 6.00493460388e-05
6 2 2006000 7.14672411328e-05
0 4 6000 3.79026984287e-06
7 6 23000 0.000106490076374
4 0 6000 0.000105761289088
6 2 48000 0.000248586737628
4 0 6531000 1.4288286686e-05
7 6 1076000 5.23949521172e-05
1 7 38000 7.75047713253e-05
4 0 482000 7.93435529833e-06
2 3 459000 6.1264833171e-05
3 5 112000 3.85807082386e-05
5 1 88000 0.000477059587102
4 0 37000 0.000198976856569
2 3 14000 0.000216333738252
7 6 6000 3.3790090652e-05
7 6 3275000 0.00037316170299
6 2 87000 8.31698901644e-05
2 3 18000 1.22149135913e-05
4 0 21000 0.000326068120302
3 5 1552000 3.53418438181e-06
2 3 6000 8.47983343166e-05
0 4 4360000 0.000292544465997
3 5 3097000 6.93951231479e-06
6 2 20000 0.000342543931934
2 3 14000 0.000133700886638
0 4 45000 0.000128036332125
5 1 934000 5.33735035173e-05
1 7 33000 7.21763040183e-05
7 6 39000 0.000191132260541
2 3 1242000 0.0003438189918
4 0 37000 0.000122029139441
7 6 6000 6.63721489547e-07
7 6 427000 7.91976868544e-05
5 1 3455000 2.040918617e-05
7 6 20000 0.000317284542984
5 1 224000 5.74051284759e-05
7 6 6153000 0.000241680729652
6 2 2027000 0.000367038664132
4 0 34000 4.22254181416e-05
5 1 289000 0.000317329105042
6 2 19000 3.1074029988e-05
5 1 1238000 0.000224805720045
6 2 6000 0.00042592099606
0 4 49000 0.000491701597244
4 0 6000 5.29164556444e-05
5 1 1821000 0.000292169474959
1 7 38000 5.81265664952e-05
2 3 14223000 1.95602352548e-05
7 6 50000 0.000196026506265
2 3 6000 0.00018110093659
6 2 17119000 0.000108447152346
6 2 183000 0.000483481510605
6 2 694000 0.000146884881557
1 7 25000 0.000290467005942
2 3 6000 0.000253070486622
3 5 110000 0.000108548323754
5 1 433000 0.000237239030302
4 0 27000 9.89533129014e-06
6 2 99000 0.000285517134835
3 5 859000 6.35254002321e-05
2 3 113000 0.00020514071599
2 3 444000 3.60055587565e-05
0 4 24000 0.000178512261904
4 0 154000 1.28523281091e-05
4 0 8274000 0.000112884386529
0 4 2533000 9.67943757613e-05
6 2 1419000 6.4580385805e-05
3 5 52000 0.000294286666179
6 2 3862000 0.000145252636024
4 0 6000 0.000614009439623
0 4 6000 7.78792588707e-06
4 0 198000 5.61079362191e-05
1 7 11000 1.70781137696e-05
0 4 6000 2.92049211912e-05
4 0 19828000 1.96788252342e-05
5 1 864000 0.000205209278062
1 7 69000 6.98444094382e-06
0 4 6000 3.37187860524e-05
4 0 76000 1.63434011857e-06
0 4 6000 0.000211688213333
5 1 34000 9.47901604684e-05
2 3 5016000 7.32855283485e-05
6 2 36000 7.99186694378e-06
6 2 1563000 0.000105737195101
1 7 2331000 0.000260595804305
7 6 43000 4.66574468792e-05
1 7 28000 0.000235161394351
4 0 439000 0.000171438933592
6 2 31000 0.000119287565549
1 7 22000 6.90831542882e-05
4 0 471000 1.26928871924e-06
2 3 6000 0.00024471835368
0 4 1600000 5.52194106667e-05
0 4 644000 0.000108715365011
5 1 14000 0.000434093637966
4 0 17000 8.76216263763e-05
2 3 18000 0.00017629655037
7 6 937000 0.000208475593751
4 0 6000 0.000354191672648
0 4 17000 9.49521399884e-06
4 0 35000 9.98561142385e-05
6 2 942000 0.00062922814035
4 0 13000 0.000187846502038
0 4 6000 0.000228137376788
6 2 9000 0.000199127062766
0 4 26000 0.000168958707541
2 3 37000 0.000255899272751
3 5 43000 0.000109836476884
2 3 52000 5.25947182453e-05
0 4 14000 4.5964825542e-05
3 5 28000 0.000178881872374
5 1 19000 0.000130955692357
5 1 18000 8.44404435671e-05
4 0 22000 1.31921937685e-06
3 5 42000 0.000154148617734
6 2 18000 0.00047104213712
5 1 6000 0.000121040334739
7 6 16000 7.13067865115e-05
0 4 10000 0.000181040345543
3 5 14890000 1.36121249397e-05
3 5 635000 6.70767966742e-05
0 4 318000 1.89533201822e-05
7 6 329000 8.18849015507e-05
0 4 17000 2.27423615247e-05
2 3 26000 5.43767612826e-05
5 1 9000 0.000200214531229
4 0 990000 9.54130914703e-05
3 5 49000 0.000138884037364
7 6 5567000 0.000247854363697
6 2 10000 5.41464682642e-05
3 5 6000 0.000135271610126
2 3 6000 9.79432686243e-05
6 2 2264000 3.72398203186e-06
6 2 148000 0.000136186543078
0 4 814000 9.40546126427e-06
3 5 11000 8.51464225113e-05
3 5 28000 5.20393585846e-06
4 0 33000 9.66343861615e-05
5 1 43000 4.8307453882e-05
4 0 45000 3.5536520449e-05
7 6 6085000 8.8308431009e-05
6 2 2305000 1.48695128277e-06
3 5 43000 3.76493933003e-05
3 5 132000 0.000199741110101
2 3 18891000 0.000429512969048
1 7 22000 2.54089550911e-05
5 1 6000 0.000193686592242
2 3 11015000 7.67955012184e-05
5 1 315000 0.000275564116679
1 7 6000 0.000378984541165
3 5 37000 2.25477124922e-05
1 7 43000 9.13049834892e-05
2 3 3660000 0.000189114827847
4 0 36000 0.000109740947966
5 1 2404000 7.71087841598e-05
5 1 31000 0.000180732956812
6 2 3982000 2.56964848273e-05
7 6 614000 7.50162730427e-05
5 1 6000 3.00125176844e-05
5 1 27000 0.000123207866701
2 3 6000 5.89674645501e-05
1 7 30000 0.000164950016512
2 3 6000 0.000258671545995
0 4 37000 0.000247646952438
5 1 10000 5.20221849369e-05
0 4 4322000 0.000140965959216
2 3 68000 0.000303601894231
1 7 15718000 3.70970459855e-05
7 6 14000 0.000139794621863
7 6 210000 8.38663636271e-05
0 4 38000 8.69279010474e-05
2 3 97000 0.000163884106856
0 4 6000 9.09539397089e-05
6 2 6437000 0.000573238693878
2 3 12535000 0.000107759535142
6 2 16000 5.27622163518e-05
3 5 50000 1.78387893282e-05
6 2 28000 5.57719247389e-05
3 5 6221000 0.000161360249431
3 5 116000 0.000138881961003
5 1 532000 0.000279141718827
2 3 23000 6.82578128715e-05
2 3 18000 1.66043755816e-05
1 7 81000 8.68832778935e-05
2 3 3826000 6.6239468216e-05
4 0 1286000 0.000102747693157
3 5 2990000 0.000137125663726
7 6 53000 9.58275370448e-05
3 5 1144000 0.000145306904586
2 3 10483000 7.40272342907e-05
0 4 26000 0.000179645181915
0 4 479000 6.78358650616e-05
6 2 2664000 9.6516342224e-05
7 6 817000 8.11276203732e-05
5 1 16000 0.000237959558232
4 0 1788000 0.000138838697039
2 3 169000 8.68416951327e-06
7 6 34000 0.000268958072321
5 1 1910000 9.41422493088e-05
6 2 238000 5.33386312296e-05
5 1 621000 0.000253948305938
3 5 1154000 1.62886769923e-05
0 4 956000 7.79072554355e-05
3 5 7000 7.52513845625e-05
6 2 37000 0.000100362126916
0 4 2387000 0.000211164225813
2 3 6000 0.000242677782243
7 6 364000 0.000138378692394
5 1 39000 0.000141611845502
5 1 6000 0.000158833930062
5 1 861000 2.58592362985e-05
6 2 30000 0.00012681085288
6 2 19000 6.39969546223e-06
6 2 2436000 0.000192631724319
2 3 5604000 0.00033181610609
5 1 6000 0.000215192042761
7 6 6000 1.4553294067e-05
7 6 104000 2.06744635955e-05
2 3 6000 0.000143131746206
2 3 6000 0.000299051080851
3 5 702000 2.9106497474e-05
3 5 74000 8.39559513244e-06
0 4 5580000 3.27655743135e-05
1 7 448000 0.000149373623588
7 6 501000 8.43706239284e-05
0 4 16000 9.06509072658e-05
2 3 6016000 3.56929752541e-05
5 1 9000 0.000165701312112
2 3 52000 0.000136989561528
5 1 111000 0.000243128303228
3 5 53000 9.21676280865e-05
7 6 13000 0.000128724394853
1 7 19000 0.000205240146905
2 3 853000 2.3175607323e-05
2 3 2268000 0.000124014130564
0 4 550000 9.98181975547e-05
7 6 6000 0.000132565896818
2 3 16000 8.55785723932e-05
0 4 825000 0.00026352806457
5 1 6000 0.000190570815832
2 3 1122000 9.44889899297e-05
0 4 5416000 1.55002393456e-05
3 5 6000 0.000357099107876
1 7 37000 0.000425972817369
5 1 798000 0.000348613570863
5 1 3405000 0.000272094134241
1 7 12000 4.00573247696e-05
4 0 51000 0.000109270352364
6 2 51000 0.000308970700116
5 1 6000 5.27138153754e-05
4 0 41000 3.87481023461e-05
3 5 43000 0.000233636764416
2 3 1678000 0.00057866539094
5 1 6000 0.000360381807772
2 3 1092000 4.70140891413e-05
5 1 6000 8.03523502351e-05
6 2 6000 0.000258455051435
5 1 15000 0.000411731716544
4 0 38000 0.000258074214329
1 7 6000 0.000618230867491
3 5 13000 7.32582173466e-05
7 6 5728000 0.000369624184339
2 3 129000 2.4492503663e-05
0 4 15900000 0.000245442631843
3 5 575000 5.1515744764e-05
4 0 43000 8.53428753893e-05
4 0 24000 4.21832529132e-05
3 5 2377000 6.05738811554e-07
4 0 15000 1.08162008225e-05
4 0 114000 3.40252802202e-05
0 4 30000 0.000427367285637
3 5 2228000 8.70776126782e-05
1 7 1027000 0.000264498529555
4 0 27000 0.00016669427497
5 1 127000 0.000120519069955
3 5 6000 6.01245159437e-06
4 0 81000 2.55483784242e-05
2 3 4677000 0.000940585367316
6 2 654000 7.74306727682e-05
0 4 6000 0.00069830509086
4 0 15000 0.000314095806098
5 1 6000 0.000174628790842
1 7 6000 0.000811579577845
3 5 164000 2.99563812618e-05
7 6 6000 5.44500593496e-05
3 5 28000 0.000228205152673
7 6 291000 2.49946462627e-05
2 3 46000 0.000221057679436
4 0 38000 4.71742155073e-06
5 1 22000 7.97273863538e-05
5 1 75000 2.23340276573e-05
5 1 14000 0.000199143748805
4 0 53000 4.76064969903e-05
5 1 13000 8.92407298636e-05
4 0 3675000 0.000279055436727
5 1 15000 0.000119445979945
3 5 18220000 0.000380002060455
6 2 6000 0.00014830978945
7 6 6000 2.88468222109e-06
7 6 6000 1.21399183686e-05
3 5 31000 7.33565978861e-05
7 6 7000 0.000222864769298
1 7 6000 0.000275404794822
5 1 44000 6.21980726812e-06
5 1 17831000 1.4561077416e-05
2 3 46000 1.04090665605e-05
1 7 1010000 0.000135059379468
4 0 2502000 0.000145319897779
1 7 6000 0.000241050444491
0 4 33000 0.000245762900588
0 4 12000 0.000141044185957
2 3 29000 0.000257178046383
0 4 1296000 0.00017496351116
5 1 24000 9.90021990435e-05
7 6 33000 0.000225242313056
0 4 78000 0.000136507828714
3 5 553000 0.000134656778631
7 6 18868000 9.122796835e-05
5 1 649000 0.000239523648034
2 3 5045000 6.50934038684e-05
6 2 6000 0.000218065354309
2 3 6000 3.09330543935e-05
5 1 19000 0.000233870501172
1 7 6422000 0.00016485921624
7 6 570000 1.04428638279e-05
3 5 3047000 0.00032651221165
1 7 268000 0.00010060701432
1 7 13000 6.0389507577e-05
5 1 32000 0.000530318235892
7 6 24000 0.00037119765932
6 2 1066000 0.00030753265245
3 5 8000 2.34608462584e-05
1 7 2898000 0.000214953332767
4 0 4831000 5.38883199619e-07
6 2 1998000 8.23255047078e-05
4 0 757000 0.000359755668097
2 3 3246000 3.03626403559e-05
4 0 6000 6.25675810793e-05
5 1 6000 0.000119270587703
2 3 6000 0.000200565298804
2 3 5707000 6.56924727394e-05
4 0 35000 9.07224695812e-06
0 4 2848000 0.000183689668255
7 6 2040000 6.46083471465e-05
2 3 1112000 0.000150513142018
0 4 8000 0.000124203258322
7 6 107000 1.56235217883e-05
5 1 365000 0.000251576528852
2 3 17000 0.000214795703812
7 6 6000 3.20872156649e-05
6 2 11000 0.000100816578718
3 5 11000 0.000290524055483
2 3 5904000 1.06298589897e-05
6 2 57000 4.81212353165e-05
1 7 9887000 1.42789030309e-05
6 2 11871000 0.000189448223199
7 6 2551000 0.000140126674771
0 4 24000 3.67633290954e-05
1 7 55000 9.81521630781e-05
5 1 29000 4.67073180539e-05
5 1 17000 0.000223120893635
7 6 17000 2.16468634402e-05
0 4 240000 8.7678137642e-05
0 4 112000 0.000233074873793
6 2 1306000 2.968124642e-05
4 0 6528000 0.000177657047897
0 4 13000 7.00596404923e-05
7 6 6000 0.000368511030686
1 7 17000 0.000254680083462
4 0 23000 7.67887459203e-05
3 5 39000 0.0001289864578
2 3 1293000 0.000490185317485
4 0 6000 0.000164490134117
5 1 38000 2.62590602105e-05
1 7 617000 3.27977587531e-05
5 1 24000 0.000248486036375
2 3 16000 5.22607555975e-05
2 3 52000 0.00023822963438
7 6 323000 0.000111451332506
4 0 1232000 1.98201267103e-05
3 5 38000 0.000371379421654
4 0 20000 2.14769113469e-05
4 0 15000 3.47096822901e-05
2 3 42000 0.00017451044266
1 7 6000 0.000180304224318
2 3 16000 8.60393670996e-05
6 2 6000 3.52678349127e-05
0 4 6000 0.000291494984905
7 6 7370000 0.000170268323976
0 4 12000 0.000522105949347
2 3 18000 0.000199940112954
5 1 89000 5.08878757399e-05
2 3 1182000 1.22824827864e-05
5 1 14000 0.000609879958412
1 7 4066000 0.000785547551184
5 1 6000 8.47010736102e-05
3 5 6000 0.000298006833029
1 7 2105000 0.000128363817214
5 1 16000 2.28683657388e-05
5 1 95000 4.90207227926e-05
6 2 19000 0.00013153032671
5 1 37000 0.000213772732543
0 4 43000 0.000338245478956
6 2 21000 0.000102039000355
1 7 1235000 7.70514018993e-05
6 2 15000 6.00913455018e-05
4 0 1806000 0.000407239705321
3 5 14000 0.00048859742848
4 0 2098000 2.56605488831e-05
1 7 15000 2.95448746619e-05
1 7 18000 3.45613545041e-05
1 7 35000 0.000102772880365
2 3 6000 9.75948850668e-06
0 4 668000 0.000396464228201
6 2 36000 3.23450687607e-05
1 7 48000 3.87535895663e-05
5 1 35000 0.000213029720933
0 4 26000 6.00487403255e-05
4 0 2473000 8.43467576828e-05
2 3 15314000 0.000177495498639
3 5 6000 0.000474958079663
5 1 4544000 0.000273004898737
6 2 17000 0.000251044783414
3 5 6000 0.00046390994023
0 4 6000 0.00010686971439
2 3 105000 0.000532025386463
3 5 26000 9.73063570064e-05
2 3 6000 0.000288675873792
5 1 6000 0.000149124019361
5 1 6000 6.20987115716e-05
1 7 6272000 4.21970093172e-05
4 0 307000 0.000270524873704
4 0 18454000 0.000216430132265
0 4 1173000 0.000234200620562
5 1 40000 0.000203387198811
4 0 1027000 0.000238536079789
4 0 28000 0.000132249122884
4 0 102000 0.000294877879954
4 0 44000 0.000257131220256
5 1 244000 0.000100464446378
3 5 3920000 7.84244373739e-05
7 6 1339000 1.04378773147e-05
0 4 68000 6.20082626439e-05
6 2 6000 8.92768792573e-05
3 5 282000 0.00029539385091
0 4 124000 0.000211352670668
2 3 59000 0.000216430660375
3 5 156000 0.000488758163018
1 7 6000 0.000224463638363
4 0 23000 0.000198730981181
5 1 3785000 0.000115174025156
0 4 38000 0.000169602836676
0 4 6000 0.000108860253897
7 6 1022000 0.00036553883707
6 2 110000 5.68482915497e-05
7 6 10000 0.000130207563913
7 6 3193000 0.000241343836326
3 5 804000 1.90338333175e-05
0 4 6000 0.000138824193115
4 0 2191000 0.000290132521482
0 4 31000 0.000244156636479
6 2 108000 0.000133159918092
3 5 931000 0.000161456127554
1 7 898000 9.21004728474e-05
5 1 23000 0.000197759287486
6 2 6000 0.000332862310928
6 2 6000 0.000113052894115
6 2 7297000 7.55920095523e-05
1 7 3639000 3.92140571868e-05
1 7 6000 1.10485097502e-05
3 5 15000 0.000561460285396
1 7 17000 1.41465913628e-06
1 7 27000 0.000150764836299
0 4 2138000 4.53887959975e-05
5 1 3580000 5.05079504443e-07
3 5 6000 0.000228806397848
6 2 17000 2.76903437781e-05
5 1 1179000 7.15262528761e-07
5 1 25000 0.000106140997897
7 6 6000 0.000208933434577
7 6 374000 2.86495102109e-06
3 5 309000 0.000248734396875
4 0 14000 1.52597147898e-05
1 7 121000 2.31803906396e-05
0 4 239000 0.000307190790157
1 7 40000 0.000115948711424
7 6 4803000 0.000150455304397
0 4 806000 4.92013313202e-07
0 4 526000 0.000393096008782
7 6 232000 3.20347525768e-05
4 0 552000 1.95266222467e-05
7 6 42000 0.000330068421605
1 7 18113000 0.000247638037527
3 5 1627000 0.00018153259647
1 7 6000 7.03556684993e-05
0 4 1177000 0.000139221927038
2 3 40000 0.000363821836141
1 7 1072000 2.13704440724e-05
3 5 10000 5.87269669947e-05
0 4 38000 6.05246811862e-05
2 3 49000 0.000216965537966
6 2 30000 0.000138590581629
2 3 14792000 0.000181277147773
7 6 4145000 9.45413342901e-05
2 3 10000 0.00011174032013
1 7 591000 0.000172793716977
3 5 790000 1.32362651795e-06
4 0 3829000 0.000119096852394
0 4 610000 0.00014991582946
4 0 36000 6.56596736115e-06
5 1 6000 0.000242156382676
3 5 493000 0.000197605819734
6 2 5306000 2.29094959541e-05
2 3 5718000 0.000169600327904
3 5 6000 7.20632541262e-05
5 1 43000 0.000236955478779
6 2 6561000 4.69601490667e-05
4 0 2689000 0.000102651714727
6 2 10000 0.000224834066905
2 3 95000 0.000338820242023
1 7 1031000 0.000267502061024
4 0 470000 4.06195845519e-05
6 2 17000 9.48119737143e-06
7 6 852000 4.95825732121e-05
4 0 16302000 0.000219940361421
0 4 24000 9.73153207924e-05
5 1 1774000 7.74042514817e-06
7 6 90000 3.39849330988e-05
6 2 417000 0.000160074304372
5 1 6000 0.000108798880845
5 1 52000 4.55803152464e-05
3 5 34000 4.75110118159e-06
0 4 15000 0.000153647094103
7 6 6000 5.85563777711e-06
4 0 609000 3.98754128359e-05
4 0 592000 0.000451444340806
2 3 1283000 1.87653600425e-05
1 7 17000 0.000126688266878
6 2 16000 2.522569027e-05
4 0 45000 0.000122221139531
2 3 324000 0.000101466273525
4 0 182000 0.000350417580798
3 5 682000 0.000195546263585
0 4 242000 7.57489930898e-05
1 7 36000 6.99666984043e-05
3 5 985000 6.14913291974e-06
5 1 6000 0.000332753791901
1 7 3117000 1.82937036715e-05
4 0 11000 9.73864682661e-05
7 6 16000 2.33740100977e-05
4 0 31000 0.000775985290339
5 1 1107000 0.000221428687437
5 1 36000 0.000420176569039
0 4 33000 0.000110146284718
0 4 6000 7.9537551178e-05
0 4 6000 0.000235493647276
3 5 26000 4.79833190825e-06
5 1 28000 3.56767850462e-06
2 3 747000 0.000103628128776
5 1 1016000 9.07515721453e-05
0 4 2403000 0.000505640630734
4 0 698000 3.5265992715e-05
4 0 13000 0.000219667324043
4 0 644000 7.29184341e-05
7 6 53000 0.000333177288333
6 2 791000 7.36106770065e-05
1 7 36000 9.59092912323e-05
4 0 26000 0.000422478464536
0 4 8000 4.92433301524e-05
5 1 1705000 0.000318647625404
4 0 17627000 6.22693609831e-05
7 6 17000 0.000372590945501
7 6 50000 3.81751873177e-05
7 6 17000 9.45138200112e-05
1 7 5922000 0.00017046065507
4 0 3160000 0.000215931424528
1 7 983000 9.597951828e-05
4 0 6000 0.000115218852045
6 2 271000 0.000240428867824
6 2 1181000 1.06275159311e-05
7 6 18000 8.36507024005e-06
2 3 5181000 2.62751097255e-05
7 6 42000 2.12050915138e-05
3 5 8000 0.000294662883997
3 5 53000 5.49302410711e-05
3 5 3470000 4.69462802655e-06
7 6 16000 2.49644168333e-05
0 4 11000 0.000384927941484
3 5 92000 0.000137556071716
5 1 15522000 0.000171892416198
6 2 34000 7.85069135503e-05
1 7 297000 0.000242233152444
6 2 28000 0.00018199347475
5 1 14000 0.000526049125426
0 4 959000 0.000739553851666
1 7 17000 8.22039542074e-05
6 2 40000 4.38992293841e-05
5 1 6546000 3.12170403851e-05
3 5 3248000 0.00016600573441
1 7 15000 5.56733397172e-05
5 1 41000 0.000208077655121
5 1 269000 6.72383423492e-05
2 3 6000 0.000140737989871
6 2 191000 0.000317527801423
6 2 757000 0.000224310777426
4 0 18000 8.43020754846e-05
6 2 111000 4.71249634981e-05
4 0 206000 5.790929097e-05
1 7 48000 0.000278624977546
6 2 27000 0.000244536975116
3 5 47000 7.25082159736e-05
6 2 217000 1.40446615795e-05
0 4 17000 0.000108376077655
4 0 129000 7.09795871696e-05
5 1 6000 0.000100538858889
4 0 936000 2.91446160572e-05
1 7 6000 7.93269739534e-05
7 6 964000 7.92653548973e-05
0 4 2707000 0.000131187922268
7 6 491000 5.94479772069e-05
1 7 6000 0.000372619954231
0 4 749000 8.90393866249e-05
2 3 1835000 7.81552845988e-05
0 4 6000 0.000278705945751
0 4 3533000 4.03768462911e-05
6 2 27000 0.000153037269903
2 3 6000 0.000150624631724
3 5 585000 0.000220382425316
7 6 52000 5.51074730883e-05
1 7 6000 5.08864505995e-05
0 4 6000 0.000213760453204
3 5 29000 3.55965923733e-05
2 3 3331000 0.000145494615734
6 2 64000 4.25714740138e-05
0 4 770000 0.00028839124275
7 6 1248000 0.000231151800055
7 6 40000 0.000607132831516
5 1 16000 0.000120864675698
7 6 1727000 0.000280673268094
1 7 6000 0.00015378997181
5 1 26000 4.96428526775e-06
4 0 3377000 0.000118824350409
6 2 147000 0.000252836638032
4 0 18000 0.000111433686474
6 2 192000 5.93683466015e-05
6 2 19000 0.000149159663202
1 7 4140000 0.000258666628088
4 0 51000 0.000183143209782
1 7 38000 0.000296869331717
5 1 137000 5.61829743249e-05
7 6 50000 7.2567441501e-05
5 1 8000 8.57845549664e-05
6 2 6000 8.79361872383e-05
1 7 6579000 0.000104602627535
7 6 24000 0.000136743207313
0 4 288000 0.000171618563832
1 7 6000 0.000425163109526
2 3 1058000 0.000633007894635
7 6 425000 7.93982038256e-05
5 1 22000 0.000160087499339
5 1 6000 8.7341540169e-05
5 1 32000 0.000129522737357
0 4 44000 0.000548836255025
5 1 6000 6.75171967051e-05
7 6 18000 0.000370392583767
3 5 6000 0.000352523349173
7 6 1412000 0.000945571853301
1 7 36000 2.08138067734e-05
6 2 7000 4.63194876048e-05
6 2 981000 8.57324074748e-05
2 3 2472000 0.000337103453977
2 3 15435000 8.31379044877e-05
4 0 6172000 0.000234078098132
2 3 47000 0.000401391350898
7 6 1214000 0.000176522709327
7 6 513000 0.000272001423299
7 6 5572000 0.000110518664036
0 4 86000 4.16995154207e-05
1 7 17000 9.91099262659e-07
5 1 59000 0.000300924218254
3 5 2820000 2.54796065546e-05
6 2 95000 7.71111262354e-05
6 2 6000 1.37269661495e-05
5 1 867000 0.000314514094869
7 6 32000 0.00113986273023
3 5 3681000 1.93039535306e-05
7 6 14000 0.000240048394609
3 5 34000 8.10256520107e-05
5 1 6052000 8.01897301776e-05
3 5 6000 0.000158582699057
0 4 77000 5.72149032907e-06
4 0 15319000 0.000211434479102
0 4 813000 9.20438636287e-06
0 4 4693000 4.85511992185e-05
6 2 2288000 1.85762825191e-05
4 0 126000 0.000204164312956
5 1 6250000 6.83287008112e-05
7 6 114000 4.14615691418e-05
7 6 6000 3.87969671383e-05
6 2 6000 7.82187541566e-05
2 3 779000 0.000143550844737
0 4 19000 0.000410333681624
3 5 219000 0.000205615713815
5 1 686000 0.000755486620768
2 3 6000 7.95308630255e-05
3 5 393000 0.000196039934965
4 0 310000 5.183171114e-05
7 6 5229000 0.00039483621619
1 7 551000 5.08624713196e-05
0 4 6000 0.000164672708356
0 4 10000 0.000223505363883
4 0 6000 6.52654327586e-05
1 7 51000 0.00022360621437
6 2 1300000 0.000113198738593
0 4 50000 0.000191912531386
7 6 11000 0.00019745291092
6 2 6000 3.82062343762e-05
4 0 312000 0.000336140197581
2 3 2116000 0.000293487838607
4 0 2976000 1.68587076721e-06
0 4 30000 0.000165246745
3 5 6000 0.000245827066607
7 6 587000 3.62536192495e-05
2 3 418000 1.05845278686e-05
3 5 1065000 8.37966598102e-05
4 0 46000 9.73185583037e-05
3 5 40000 8.36196385277e-05
5 1 1299000 8.49870636821e-06
7 6 3409000 7.97497020053e-05
3 5 5741000 0.000244086917934
2 3 2800000 1.72294879897e-06
1 7 6000 1.85083764492e-05
5 1 168000 0.000112635670399
1 7 4448000 0.000163072591224
7 6 14000 1.21101028281e-05
1 7 3275000 0.000333215556551
0 4 44000 9.34088903255e-05
5 1 6000 0.000129755554794
6 2 3496000 0.000262410539088
6 2 6000 4.54181247433e-05
4 0 52000 1.87677812404e-05
2 3 42000 0.000151981117419
2 3 18000 0.000281008355549
5 1 660000 2.91020201806e-05
5 1 29000 6.3833805755e-05
6 2 14000 6.93691674325e-06
7 6 52000 1.88218792501e-05
6 2 13000 0.000380577275423
1 7 5982000 7.98735989089e-05
0 4 241000 0.000285314002762
6 2 31000 0.000320880120308
1 7 48000 0.000172507985527
2 3 1356000 7.39429310781e-05
2 3 16000 0.000265046840885
0 4 5057000 0.000318635415353
6 2 460000 0.000295861827267
4 0 185000 1.40959297956e-05
3 5 843000 0.000109986568686
5 1 45000 0.000351066384178
1 7 16000 0.000164641601024
5 1 5640000 5.22049949576e-05
6 2 511000 0.00011925109078
2 3 32000 0.000162001046908
3 5 16000 1.33983084034e-05
1 7 16000 8.85863453481e-07
1 7 1227000 0.000127899002158
3 5 6000 0.000406754767986
1 7 39000 0.000532326313829
6 2 8000 0.000215221839963
5 1 6000 5.95135113313e-05
4 0 1128000 0.000102582474386
0 4 1285000 1.32601529121e-05
3 5 341000 4.27080921879e-05
0 4 47000 0.000202540375911
4 0 6000 8.01454412911e-05
5 1 2470000 0.000109160279203
1 7 6000 0.000219964308696
1 7 215000 7.5610632549e-05
7 6 52000 1.87211188154e-05
3 5 6000 0.000190892350729
7 6 55000 4.99878093865e-05
7 6 1009000 5.00213959651e-05
3 5 1317000 4.53509577869e-05
5 1 39000 0.000193995124699
0 4 14000 8.8191121417e-05
0 4 1124000 7.16203748397e-05
3 5 457000 0.000265828153893
7 6 9000 3.11634629762e-05
7 6 4482000 2.59398192124e-05
5 1 6000 0.00019754437456
0 4 24000 0.000135200706239
0 4 44000 0.000250880810331
3 5 50000 2.10594551917e-05
5 1 106000 0.000386109674251
5 1 34000 2.5654916175e-05
2 3 22000 2.60828641487e-05
2 3 33000 0.000152268667395
7 6 6000 0.000287836812517
6 2 49000 2.4040284283e-05
6 2 6000 7.29718191572e-05
5 1 6000 0.000102546226006
5 1 125000 2.0612250522e-05
4 0 105000 3.28416848161e-07
4 0 29000 6.10415654494e-05
5 1 2552000 4.69743336078e-05
4 0 3313000 7.01791404989e-06
5 1 6000 1.13243496016e-05
2 3 305000 0.000510653461891
4 0 2002000 7.69623079191e-05
5 1 28000 0.00024102373234
7 6 35000 0.000221378374931
7 6 176000 8.86813728704e-05
2 3 49000 4.15540956022e-05
3 5 1590000 0.000113726172439
3 5 733000 8.23305790387e-05
6 2 5325000 0.000130431505247
2 3 1240000 0.000260758035002
0 4 102000 0.000506519563555
0 4 1269000 0.000195330142206
3 5 3851000 5.31583689722e-05
6 2 7000 2.34931869736e-06
2 3 50000 0.000104677500433
6 2 1114000 0.000135769603488
5 1 337000 0.000416459768193
1 7 6000 0.000883124401518
2 3 67000 0.000253034931011
6 2 840000 1.24175391796e-05
1 7 30000 0.000101761164873
4 0 6000 1.22638962559e-05
0 4 37000 2.43213134743e-05
4 0 29000 0.000388921384027
6 2 6000 0.000121193570001
2 3 47000 0.000395057434843
6 2 29000 0.000291196317439
6 2 37000 9.62543528056e-05
5 1 6000 2.1356986909e-05
7 6 22000 0.000201586704476
4 0 3188000 7.26139429343e-05
3 5 6000 0.000270112745241
1 7 525000 4.28538016561e-06
4 0 13000 3.96061532775e-05
7 6 11000 0.000119499068961
3 5 6000 0.000472710749477
7 6 18363000 8.36265171549e-05
0 4 357000 8.0429354238e-05
7 6 1075000 0.000453544089365
6 2 10600000 0.000293608936909
7 6 26000 0.000142111372918
6 2 50000 0.000352082141443
2 3 75000 6.56246761117e-05
6 2 6190000 0.000372580201051
7 6 19086000 9.5983217882e-05
7 6 6000 9.88090387084e-05
0 4 176000 0.000187039325858
3 5 6000 7.61791550419e-05
6 2 16000 9.79240834094e-05
4 0 531000 0.000186807198485
2 3 111000 6.15434271507e-05
0 4 6000 0.000503117045402
0 4 13000 0.000136491418666
0 4 14596000 5.85987197907e-05
7 6 2076000 7.60458150095e-06
5 1 6000 0.000111545420517
6 2 857000 0.000219792012033
6 2 38000 0.000449069608752
0 4 1181000 5.82670037423e-05
7 6 18000 0.000189003131926
7 6 51000 3.59211772549e-05
3 5 853000 0.000111832568535
0 4 128000 0.000254430379348
4 0 4053000 4.64787259569e-07
0 4 364000 0.00014365364382
3 5 3014000 6.66840476706e-05
0 4 23000 8.82362752546e-05
3 5 26000 0.000444979999963
3 5 2940000 0.000207911082229
5 1 74000 5.49012475983e-05
0 4 245000 0.000318183981593
2 3 109000 0.000997695777647
7 6 7000 3.20805083724e-05
4 0 25000 0.00041382828119
7 6 6000 1.23302351482e-05
2 3 6000 0.000171335181979
3 5 21000 4.0680973276e-05
7 6 17000 8.78616879116e-05
4 0 36000 4.60234796167e-05
7 6 31000 5.61763911771e-05
5 1 4566000 7.7356132048e-05
1 7 20000 6.94196548661e-05
3 5 42000 5.52796664675e-05
4 0 5061000 2.08503700783e-05
5 1 21000 1.86884148201e-05
7 6 44000 3.63774352286e-06
3 5 15000 0.000207324266914
0 4 38000 0.000199731197208
3 5 40000 0.000211778737574
7 6 6000 2.34863820068e-05
1 7 6000 0.000220608162612
4 0 51000 0.000203116497286
3 5 4644000 4.96764033637e-05
3 5 6000 0.000161090592239
7 6 506000 0.000212918224112
5 1 6000 0.000188174823136
5 1 48000 0.000150968021585
4 0 34000 0.000100348987861
3 5 4961000 0.00012999110371
0 4 1365000 0.000276636777444
6 2 1226000 0.000465537791378
6 2 26000 0.000534645002229
1 7 38000 7.45088382725e-06
1 7 49000 5.67022041806e-05
2 3 32000 7.57013894668e-05
6 2 30000 3.00637561921e-05
7 6 10000 0.000172828338483
5 1 3037000 1.55566540609e-05
6 2 31000 9.50335804761e-05
3 5 49000 1.59902417454e-05
5 1 6000 2.79067466966e-05
7 6 29000 0.000322569832266
3 5 1439000 0.000333102325611
0 4 20000 4.30178470303e-05
5 1 35000 0.000136413517788
0 4 14000 0.000172682649576
1 7 18000 6.44806221073e-05
4 0 6000 0.000244920942617
5 1 955000 0.000125706287804
5 1 52000 4.6519872092e-05
2 3 8595000 0.000329530521959
5 1 167000 0.000113626253975
5 1 5298000 0.000132482967637
6 2 63000 0.000165530815851
4 0 24000 8.29487720451e-05
5 1 606000 0.000137391366504
2 3 33000 0.000149601869871
7 6 8000 2.462373874e-05
4 0 28000 8.15700135846e-05
4 0 6000 0.000206138478184
7 6 25000 5.86323015688e-05
3 5 6000 3.32599944688e-05
1 7 2244000 1.19357611874e-05
3 5 40000 8.73983280685e-05
2 3 84000 7.98636266166e-05
5 1 29000 0.00107077037124
4 0 6000 0.000341576105547
3 5 5499000 6.36298073673e-05
4 0 701000 0.000454123864471
6 2 6000 0.000271319082556
6 2 6067000 0.000209845050022
6 2 963000 0.000149057187735
3 5 10000 0.000201152794233
4 0 49000 6.13463159436e-05
2 3 35000 0.000183964045332
7 6 6000 0.000540122184775
2 3 39000 3.25786732196e-05
5 1 881000 1.6394407383e-05
4 0 32000 0.000306307450144
5 1 2148000 2.58610056134e-05
6 2 23000 0.000341254592548
7 6 42000 0.000147677032418
6 2 6000 2.59649778305e-05
4 0 5876000 0.000135867155495
2 3 593000 6.54793524679e-05
5 1 6000 0.000216018101131
4 0 836000 0.000313693898109
1 7 1786000 0.000342928987109
3 5 2946000 0.000293258153678
1 7 6000 7.55631219025e-05
4 0 1086000 4.49271919956e-06
4 0 6000 4.2303204882e-05
3 5 27000 7.60394728629e-05
5 1 384000 5.55906642667e-05
7 6 36000 1.10745070347e-05
1 7 20000 1.28634554017e-05
4 0 226000 1.12935062935e-05
2 3 135000 0.000175323641047
1 7 1029000 3.07562069888e-05
5 1 6000 0.000119449118664
7 6 1335000 0.000340484329597
4 0 6000 0.000173196622396
0 4 123000 9.13885975669e-05
1 7 664000 0.000106140320072
0 4 31000 3.15090742629e-05
6 2 44000 0.000331471883291
6 2 2326000 3.38434137106e-05
0 4 19000 0.000241400746246
6 2 2303000 0.000271497476601
1 7 1533000 2.40129240876e-05
5 1 521000 0.000119660004793
0 4 2004000 5.48672829592e-06
3 5 13000 0.000112546815076
1 7 1065000 0.000230773007555
4 0 49000 7.27264278433e-05
0 4 8193000 8.2711006514e-05
3 5 85000 0.000149059218274
2 3 15000 3.15355188847e-05
2 3 6000 1.7128322241e-05
1 7 2000000 8.90635890574e-05
2 3 35000 4.58730668127e-05
3 5 38000 0.000145413151452
2 3 39000 8.15434021586e-05
7 6 16000 0.000236787393893
5 1 2029000 0.000492380891833
1 7 1339000 0.000159051460631
5 1 28000 0.000125172663569
3 5 28000 1.51264821289e-05
3 5 1220000 2.26967610637e-05
2 3 6000 0.000224456346007
4 0 19347000 0.000215448201565
5 1 25000 0.000201050869972
7 6 850000 1.19860518044e-05
1 7 14000 5.61146379727e-05
2 3 33000 0.00054406865734
1 7 52000 0.000360364832822
4 0 1811000 0.000159748549688
2 3 699000 0.000173120894475
3 5 65000 5.09508601927e-05
2 3 52000 0.000209525210762
6 2 17000 0.000488404284151
3 5 7000 5.5872314022e-05
1 7 2983000 7.2902274046e-05
6 2 3065000 6.70406633674e-06
4 0 16000 8.64694423126e-05
1 7 6000 7.9192664435e-06
1 7 52000 1.60910709837e-05
6 2 37000 6.50887161266e-05
6 2 518000 0.000163078622698
3 5 6000 0.000106086227778
1 7 8000 2.86041887152e-05
1 7 1305000 0.000280794412415
6 2 14000 0.000281043540627
4 0 34000 4.0194663278e-05
2 3 102000 0.000122783193372
1 7 87000 6.87167800884e-07
3 5 23000 1.2371606481e-05
5 1 3058000 7.31824102163e-06
2 3 123000 3.87352395514e-06
3 5 81000 9.7264478204e-05
7 6 6211000 4.60575673273e-05
4 0 21000 4.7894999061e-05
5 1 108000 2.53525896032e-06
7 6 4650000 8.02959676236e-05
2 3 296000 4.70804558301e-05
4 0 6000 6.62091365515e-05
0 4 488000 5.72752925172e-05
3 5 6000 8.13413798453e-05
1 7 8290000 0.000388965932095
5 1 6000 0.000282503499131
6 2 21000 0.000221673992818
5 1 4981000 0.000215132737435
6 2 6176000 2.55702810235e-05
1 7 6000 0.000271497929791
4 0 905000 0.000319830510526
0 4 78000 1.63964862525e-05
6 2 2182000 9.10411058692e-05
2 3 6000 0.000344738644561
3 5 1272000 0.000359660198335
6 2 6000 6.53169872189e-06
1 7 118000 0.000132389698911
6 2 92000 8.31409413133e-05
1 7 1576000 4.44906029575e-05
3 5 6000 4.60366592037e-05
0 4 45000 0.000185902764922
0 4 511000 0.000182360068735
5 1 6000 0.000111047672702
2 3 9000 9.18108172143e-05
0 4 42000 0.00015809207138
6 2 1820000 0.000129804402178
2 3 42000 0.000220090218707
2 3 2637000 0.0015575414639
2 3 47000 2.69939205035e-05
7 6 40000 0.000194341048173
2 3 775000 1.99197574524e-05
4 0 19000 9.36437600787e-05
2 3 945000 0.000112170129009
4 0 53000 2.32747823914e-05
4 0 18000 0.000180031606361
5 1 672000 0.000152466701455
1 7 31000 0.000156912455308
5 1 106000 0.00020232168832
0 4 13000 7.33829484978e-06
0 4 840000 5.17464982337e-05
6 2 2131000 3.20556363815e-05
3 5 769000 0.000179293275194
6 2 6000 1.05701617399e-05
7 6 494000 0.000157584935506
0 4 16000 0.000158596990112
5 1 34000 5.58895858525e-05
6 2 12000 0.000173110275592
3 5 10000 0.000229940878669
0 4 15000 0.000138796993646
0 4 41000 0.000261558258226
1 7 16000 5.73363636678e-05
7 6 22000 9.60209852974e-05
2 3 2733000 2.61584494621e-06
4 0 614000 6.27649639837e-05
5 1 1066000 0.000203931996978
2 3 6000 2.3007018781e-05
6 2 676000 0.000587892172885
6 2 2854000 0.00021202500428
7 6 52000 0.000295119309895
1 7 20000 1.92643036145e-05
1 7 6319000 0.000161751640408
4 0 636000 2.88020154602e-05
4 0 17000 0.000188652994316
1 7 32000 2.87088812123e-06
1 7 10000 7.54158021858e-05
1 7 1632000 0.000269970462728
0 4 1198000 0.000374655387748
6 2 1222000 2.65039813885e-05
2 3 19000 0.000344778305254
3 5 6000 0.000182748075207
2 3 6000 8.02775494013e-05
0 4 39000 0.000157133873951
3 5 6000 0.000342820223031
0 4 1299000 4.16632592815e-05
6 2 6000 3.88402372142e-05
6 2 9000 5.04343327346e-05
4 0 45000 2.25827435116e-05
6 2 2129000 0.000109913770805
7 6 3003000 1.59736968863e-05
0 4 6014000 5.07231807201e-06
0 4 778000 5.51944524434e-05
1 7 367000 0.000155746577629
4 0 110000 0.00026057773925
5 1 23000 4.95668655522e-05
1 7 113000 0.000346579288075
4 0 6000 9.00731194404e-05
1 7 47000 3.0136112654e-05
7 6 163000 4.17772654462e-05
7 6 7922000 3.02346216412e-05
6 2 22000 2.94723142629e-05
3 5 6000 1.36730011002e-06
5 1 21000 5.82759235725e-05
3 5 6000 6.32425560401e-05
4 0 889000 8.32586130735e-05
4 0 1742000 5.11273541239e-05
7 6 20000 0.000194442151912
5 1 1562000 0.000226012754212
5 1 30000 8.56996521077e-05
2 3 2646000 1.57575521413e-05
1 7 6000 0.000124668103939
7 6 14000 0.000185637350031
3 5 3302000 0.000258425280334
3 5 41000 0.000124168304118
5 1 37000 3.84056848879e-06
2 3 72000 0.000217642965551
4 0 43000 6.71467609938e-05
6 2 9000 2.0836909733e-05
3 5 70000 0.000274178375121
3 5 6000 1.11931088393e-05
4 0 4507000 8.06051926316e-06
5 1 45000 0.000329410389936
4 0 26000 0.000211519765162
2 3 4555000 4.84249876758e-05
6 2 28000 0.000168173811185
2 3 6000 6.70987312974e-05
2 3 3357000 0.000113124953663
7 6 5838000 0.000173972076213
0 4 18000 8.53467044917e-05
4 0 46000 0.000250138018244
7 6 132000 2.62792406585e-05
3 5 2920000 6.009635854e-05
4 0 52000 0.000187048981909
3 5 1027000 4.02533901789e-05
4 0 47000 6.48321165597e-06
2 3 14000 2.55325442806e-05
6 2 42000 0.000168113438893
1 7 31000 1.39544073514e-05
7 6 6288000 7.16172319313e-05
6 2 843000 7.66776385497e-05
1 7 2414000 0.000127862112907
5 1 1288000 0.000967154804348
1 7 90000 0.000117322544215
5 1 34000 5.39680294849e-05
4 0 10804000 5.32706405383e-05
4 0 6000 3.33138662609e-05
5 1 7000 8.75800458109e-05
2 3 48000 5.13686816634e-05
6 2 18000 0.000938654683363
3 5 105000 0.0001007796758
2 3 13000 2.1292915275e-05
4 0 19519000 8.909806375e-05
4 0 466000 0.00051351314193
7 6 495000 0.000104715520428
4 0 79000 0.000831971463223
5 1 6000 1.48619242093e-05
6 2 51000 2.74401382949e-06
3 5 21000 0.000115078520139
2 3 7000 0.000258080096801
5 1 22000 7.9273138645e-05
0 4 45000 1.23214167596e-05
5 1 6000 2.53850426233e-05
6 2 32000 1.60619515557e-05
6 2 34000 0.00013751620043
1 7 17000 4.91818214112e-05
0 4 19000 8.56541879901e-05
4 0 14000 0.000324092095334
2 3 19000 0.000366288318832
4 0 911000 0.000306004279991
3 5 1629000 1.60206066211e-05
1 7 4399000 1.80301975372e-06
7 6 74000 0.000131580018119
5 1 52000 0.000116140833493
0 4 3246000 0.000308482260524
2 3 83000 0.000220910532448
6 2 44000 0.000245739210782
5 1 28000 0.000192787938708
4 0 5888000 2.71385542134e-05
2 3 75000 0.000205069236208
2 3 1905000 4.88628863773e-05
4 0 1128000 3.09657640898e-05
5 1 6000 2.6522006856e-05
0 4 9000 0.000109801300179
6 2 17000 3.57135155273e-05
6 2 19000 9.39857209796e-05
3 5 6000 0.000460150234319
0 4 6000 0.000106852283646
0 4 10000 5.89371027024e-05
5 1 255000 0.000219685465067
5 1 47000 1.1220842838e-05
5 1 2091000 7.57373759694e-05
4 0 2380000 0.000230249767889
4 0 1337000 0.000179315998831
2 3 35000 0.000192368119405
4 0 19000 2.07303527848e-05
3 5 2047000 0.000188203028832
3 5 569000 0.000229391989301
5 1 913000 5.22011015547e-05
6 2 6000 0.000127993093527
2 3 3204000 8.69489077382e-06
6 2 4449000 0.000181817787489
1 7 16223000 0.000213812223588
2 3 6000 0.000157874096983
1 7 42000 8.1480537538e-05
7 6 36000 0.000556519663449
1 7 6000 1.91949615522e-05
3 5 14000 0.000331909064469
6 2 5136000 0.000172915174366
3 5 2968000 1.67961610624e-05
5 1 6000 4.09525702236e-05
6 2 224000 0.000309612491634
6 2 6000 0.000268169827455
0 4 938000 0.000339249955043
7 6 6000 3.38397110489e-06
4 0 45000 0.000301569303716
6 2 159000 3.82477759642e-06
2 3 16000 0.000560858174227
5 1 530000 5.00851937206e-05
0 4 6000 3.85553171942e-05
6 2 6000 4.07354606535e-06
7 6 13525000 0.000679593601691
1 7 878000 0.00044598737091
1 7 6000 1.19134676273e-05
7 6 6000 0.000178607692199
2 3 48000 0.000207137565066
0 4 212000 6.19751208162e-05
3 5 33000 4.42010178323e-05
4 0 6000 1.10333706875e-05
0 4 39000 0.000216905862896
2 3 749000 5.86352369769e-06
1 7 14000 2.02358318897e-05
7 6 14000 1.88222022586e-05
5 1 706000 0.000723354854671
7 6 669000 5.80676861179e-05
0 4 825000 0.000723626663621
7 6 6000 4.15333993673e-05
1 7 30000 3.01803682945e-05
1 7 3305000 8.37715296802e-05
0 4 148000 7.60991566036e-05
6 2 18000 9.03367714076e-05
2 3 608000 9.45736388303e-05
5 1 2887000 2.77814730576e-05
0 4 1669000 2.81762071346e-05
4 0 54000 0.000250014963488
4 0 5457000 4.91529186382e-05
6 2 18000 0.00039901548824
5 1 6000 6.72460695985e-05
0 4 385000 7.1500715805e-05
0 4 6000 1.11419942277e-05
0 4 996000 4.2871743942e-05
5 1 1276000 0.000186822973811
2 3 35000 8.21298034928e-05
7 6 2956000 7.67323538093e-05
4 0 2554000 0.000264842029203
7 6 26000 0.000377324533781
2 3 4455000 2.67385721409e-06
2 3 30000 0.000377358668605
6 2 516000 0.000169329257893
4 0 1166000 2.01944722382e-05
2 3 6000 9.03569369759e-05
6 2 16000 0.000514949385015
5 1 76000 0.000168666896323
4 0 43000 3.16383286281e-05
4 0 15000 0.000208514491872
4 0 6000 6.06268077386e-06
3 5 2821000 0.000310928311961
6 2 611000 8.50094037068e-05
3 5 44000 0.000100624762263
6 2 1173000 0.000168555327452
5 1 14000 0.000154807333064
4 0 34000 6.93183866141e-05
1 7 6000 0.000184907473961
2 3 1859000 3.61620289027e-05
0 4 42000 0.000155965094889
7 6 19184000 1.56360673076e-07
7 6 43000 0.000110590677979
7 6 6000 2.82940416552e-05
4 0 36000 0.000285073650297
0 4 2125000 3.68365139318e-05
7 6 6000 0.000241430176087
1 7 1322000 0.000193221044293
7 6 37000 5.18431998364e-05
5 1 1016000 8.23612028069e-05
4 0 1359000 7.21981659799e-05
7 6 32000 2.40620739369e-05
3 5 1318000 0.000204828123539
6 2 5131000 0.000105748142822
2 3 39000 2.55272731327e-05
3 5 1431000 8.02590710822e-05
6 2 31000 8.36587305391e-05
2 3 11000 7.11843506118e-06
6 2 10000 0.000104031203418
0 4 13000 0.000112349398933
3 5 918000 0.000304054971106
7 6 50000 7.3945789707e-05
7 6 128000 6.19995716273e-05
3 5 189000 6.04196662501e-06
5 1 40000 4.18338405894e-06
2 3 775000 6.57440053375e-06
6 2 32000 0.000202123544499
4 0 6282000 0.000125834738979
4 0 6000 2.87812655306e-05
2 3 346000 0.000361380962915
3 5 6000 0.000384241918944
1 7 363000 1.20856402792e-05
3 5 13000 7.64258442738e-05
5 1 6000 0.000146436933358
4 0 5923000 0.00046429377245
5 1 29000 0.000159036891115
0 4 135000 0.000329805911454
2 3 19000 2.84858359079e-05
3 5 97000 5.93978825458e-05
4 0 13915000 0.000176718306004
5 1 113000 0.000286113570898
7 6 41000 0.000138955720215
5 1 6000 0.00014727840016
1 7 3111000 9.150611219e-05
5 1 624000 2.51087711014e-05
2 3 4992000 0.000110569377575
7 6 787000 0.000243925241137
5 1 17000 0.000353087190074
6 2 421000 3.82521900872e-05
3 5 53000 0.000131613078344
2 3 30000 9.30516742315e-05
5 1 5967000 0.000215712914718
2 3 13421000 0.000259043347257
2 3 6000 0.000112213837523
1 7 2636000 0.000133106248081
7 6 6000 0.000194391286657
0 4 1953000 3.62997891963e-05
0 4 27000 0.000325642687552
7 6 18000 0.000172322892116
2 3 6000 4.86880707231e-05
7 6 245000 0.000139878041871
1 7 30000 0.000151025604987
0 4 550000 0.000231693184824
0 4 13000 0.000129320312588
7 6 41000 0.000306596656637
7 6 3145000 0.000461322859112
3 5 17000 4.6209440119e-05
0 4 55000 1.04290702021e-05
0 4 6000 0.000189058909472
5 1 1802000 2.73536880571e-05
3 5 46000 0.000109481583034
6 2 86000 0.000463415817348
0 4 20000 0.000325446888037
7 6 2437000 4.86749928363e-07
3 5 128000 9.08690991634e-05
7 6 26000 3.64942831839e-05
3 5 1896000 3.42148237045e-05
7 6 601000 0.000527167289254
5 1 2118000 3.27867556127e-06
0 4 654000 5.25977201038e-06
5 1 6000 0.000101412562213
3 5 31000 0.000154537244012
1 7 784000 0.000105740196223
1 7 176000 0.000168314212953
6 2 6000 0.000200846541485
1 7 31000 4.05987334646e-05
2 3 28000 0.000460120036777
6 2 6441000 7.66641476757e-05
0 4 10000 0.000197654785542
4 0 6000 2.79192173565e-05
3 5 503000 0.000432474314822
2 3 1080000 0.000286560194872
0 4 6000 0.000291978998793
0 4 3489000 6.63862895447e-05
7 6 1718000 1.56888322655e-05
5 1 6000 0.000243665354746
2 3 634000 0.000161271220732
1 7 6000 6.11282541338e-05
2 3 5203000 1.98205341635e-05
1 7 45000 0.000128940754833
2 3 592000 0.000462993019686
1 7 24000 0.000432784856595
3 5 3089000 0.0001799149285
6 2 6000 3.05044174911e-05
0 4 21000 0.000155210346483
2 3 36000 3.17287151406e-05
0 4 91000 7.45257377608e-05
3 5 46000 0.000206606227574
5 1 308000 4.83894980874e-05
5 1 1168000 2.2642675322e-05
0 4 53000 0.000337549742041
1 7 44000 2.46681332132e-05
7 6 6000 5.11355431607e-05
4 0 19000 5.55404207254e-05
5 1 23000 8.49836230377e-05
3 5 28000 0.000198892865465
7 6 1119000 4.75836979175e-05
2 3 6000 6.90052395447e-07
2 3 495000 6.49560115473e-06
6 2 28000 0.000192328447042
4 0 6000 3.62783452965e-05
0 4 6000 6.57322448538e-06
3 5 44000 8.92794917062e-05
7 6 14000 0.000590349376818
6 2 37000 4.62709229327e-05
4 0 464000 3.34552797379e-05
0 4 208000 0.000180042439886
1 7 19000 8.41120316584e-05
2 3 559000 0.000335494005776
4 0 25000 0.000134150895068
4 0 6000 2.22581846234e-05
5 1 30000 1.01803034898e-05
1 7 33000 0.000294042443977
7 6 5408000 0.000533699182037
5 1 19000 7.76762146304e-05
5 1 97000 5.27667222781e-05
3 5 521000 3.84310153938e-05
3 5 470000 7.13382154132e-05
0 4 6000 2.6198810632e-07
7 6 13000 0.000182095051567
4 0 679000 8.73256588521e-05
5 1 1008000 0.000121923913527
6 2 6000 1.51288152725e-05
3 5 50000 0.000192456409253
4 0 25000 0.000170695366246
1 7 103000 4.3528527123e-05
5 1 36000 0.000103406985887
1 7 1261000 0.000587346948457
7 6 121000 0.000265427514446
0 4 557000 1.32066409941e-06
6 2 52000 2.11044349927e-05
2 3 989000 0.00013290734822
4 0 15000 0.000115159078114
7 6 17000 2.51528743245e-05
3 5 6000 0.000134489682808
6 2 6000 0.000340885416124
4 0 6000 0.00016844042346
5 1 5914000 3.83974732123e-05
7 6 6000 9.2149330422e-05
0 4 16000 3.13877379114e-05
2 3 56000 5.78826869377e-05
2 3 38000 0.000239328646888
1 7 48000 0.000247721922049
4 0 6000 0.000133705678262
5 1 15000 3.74708745416e-05
4 0 47000 0.00011150076719
7 6 3284000 0.000614478157361
1 7 6000 0.000299784440889
2 3 6000 8.35443470264e-05
3 5 1663000 4.58976168127e-05
3 5 2617000 5.79304961668e-06
4 0 5606000 3.06907811896e-05
4 0 50000 0.000237042614978
1 7 18842000 0.000279519064747
7 6 30000 0.000108074756486
1 7 41000 0.000150167904517
1 7 14000 6.43375679263e-05
6 2 6000 0.000256331073914
3 5 6014000 9.78157504967e-05
4 0 6000 0.000140971011507
0 4 1116000 4.36395091721e-05
0 4 11000 0.000369475876047
2 3 4268000 5.6896655976e-05
6 2 56000 4.66877693717e-05
2 3 21000 5.7775098361e-06
6 2 301000 0.000276115208762
6 2 283000 0.000273257285191
6 2 351000 0.000384961757203
5 1 376000 8.08320933388e-06
2 3 2983000 0.000548583229167
3 5 974000 0.000105577666802
0 4 159000 6.87330746547e-05
7 6 1242000 0.00012386026274
4 0 5918000 5.53825449625e-05
5 1 33000 2.28194383587e-05
0 4 278000 0.000117093650772
1 7 6000 3.06493159459e-05
1 7 789000 0.000212996849722
2 3 1686000 0.000143545187846
2 3 11000 0.000727782160134
3 5 6000 7.52739028267e-05
0 4 347000 0.000277525661043
7 6 1079000 0.000405294703047
1 7 6000 1.67547799543e-05
2 3 17000 0.00013001245324
5 1 41000 0.000509471161117
4 0 6226000 0.000165903175988
4 0 20000 6.97815658692e-05
7 6 22000 6.05091912935e-05
0 4 302000 0.000145000202641
3 5 2654000 0.000125800121835
6 2 26000 0.000130860036898
1 7 34000 8.30845910049e-06
2 3 6000 7.45471560522e-05
3 5 43000 0.000281954762938
0 4 6000 3.78691629819e-05
2 3 6000 0.00019206048088
7 6 50000 7.58434586936e-05
0 4 4801000 1.74606354997e-05
6 2 873000 0.000298356460504
4 0 610000 5.45231850246e-05
1 7 6000 0.000162431880033
7 6 31000 1.65282502222e-05
5 1 188000 6.52519102993e-05
5 1 51000 0.000201330415222
7 6 229000 5.37670509184e-05
4 0 39000 0.000187127874924
0 4 6000 1.14093809342e-05
7 6 4829000 6.2812127352e-05
0 4 6000 0.000156194693333
4 0 14000 0.00039006509352
1 7 2717000 0.000340954993971
6 2 16000 7.82386060316e-06
1 7 6000 0.0001760925734
5 1 1158000 0.000212239364163
5 1 2492000 5.15600971318e-06
7 6 15000 5.58281136966e-05
5 1 37000 7.30029414555e-05
4 0 1024000 1.20847917229e-06
4 0 6000 4.10253765002e-05
3 5 6000 0.00015006547325
5 1 21000 6.47624495431e-06
2 3 15000 0.000314641107341
4 0 2630000 0.000143918579536
0 4 2064000 7.4382474037e-05
6 2 51000 0.00019324346923
5 1 31000 4.34079619933e-05
1 7 9697000 9.3505795641e-05
7 6 6000 4.47320063874e-05
6 2 6000 0.000109369252665
5 1 1028000 0.000459379701594
4 0 6000 7.91592276139e-05
0 4 2380000 0.000231125120109
0 4 15958000 0.000330122278933
5 1 14562000 0.000404902225909
0 4 30000 9.52690498248e-05
4 0 24000 9.26961479564e-05
0 4 18000 3.18552883449e-05
6 2 6000 5.64559053826e-05
0 4 6652000 0.000187323189321
5 1 25000 7.95968382887e-05
2 3 1524000 0.000446905441669
2 3 38000 6.62539361074e-05
2 3 16000 0.000221619790997
0 4 5861000 1.48394659854e-05
3 5 6000 0.000399329462913
2 3 53000 2.60670548347e-06
0 4 15918000 0.000151443744707
1 7 17641000 0.00051618056614
0 4 110000 7.84430417098e-05
3 5 1747000 5.81464124509e-05
7 6 10000 0.000191186243491
1 7 29000 7.34847034649e-05
4 0 1151000 5.20373780277e-05
0 4 13000 0.000338680080678
6 2 19301000 0.000377802104832
2 3 35000 0.00015776717016
7 6 37000 1.15157783978e-05
5 1 115000 0.000176422405428
0 4 46000 4.66965530346e-05
5 1 1998000 9.39464293936e-05
3 5 833000 1.0757715079e-05
0 4 1377000 3.44778242154e-05
2 3 21000 0.000150155743433
6 2 6000 1.8909944113e-05
4 0 4856000 0.000201991313096
5 1 93000 9.49226891329e-05
6 2 1226000 0.000365511104497
6 2 43000 0.000105540609115
1 7 3148000 5.87595370229e-05
5 1 37000 7.60487315676e-05
6 2 8000 0.000149695175481
1 7 46000 7.59284179046e-05
0 4 44000 1.59168952019e-05
2 3 1020000 0.000235753378691
3 5 622000 0.000202407376092
1 7 6000 0.000401076958264
3 5 12000 6.69970343194e-05
2 3 26000 0.000233319184835
3 5 1963000 0.000437943300706
6 2 1907000 0.000137545059797
5 1 13000 8.60409827605e-05
6 2 6000 0.000524166018863
7 6 1166000 0.000245278947822
5 1 18928000 1.61959005118e-05
3 5 1163000 0.00031076225356
0 4 6000 0.000372679991932
7 6 530000 2.13813786138e-05
6 2 2384000 2.47155622439e-05
7 6 516000 0.000380401809723
3 5 5371000 5.25774048574e-05
1 7 66000 7.33187649036e-05
0 4 6000 0.000109367030135
1 7 17000 1.32338337e-05
1 7 40000 8.36854748794e-05
0 4 44000 0.00010952249944
1 7 6000 9.38698065174e-05
3 5 15587000 4.14967911619e-05
2 3 100000 0.000259681629692
5 1 19000 0.000230808633803
1 7 5174000 0.000119745237065
0 4 51000 1.47283744589e-05
3 5 6000 6.00037792653e-06
6 2 1124000 2.69582249275e-05
4 0 100000 7.10302827405e-05
7 6 22000 0.000280241981911
5 1 18000 1.46053533046e-06
6 2 11000 0.000186410689916
5 1 105000 8.51003470581e-06
6 2 442000 8.63726199167e-05
0 4 9000 0.000122174899149
6 2 630000 0.000324542606089
3 5 6000 3.50595850771e-05
1 7 192000 0.000145683212628
6 2 119000 6.05201387114e-05
4 0 20000 5.36561456619e-05
1 7 297000 0.000203189671411
0 4 19000 1.80784682662e-05
6 2 17000 1.51610619619e-05
1 7 18000 0.000193531862077
6 2 14000 3.6440554229e-05
4 0 5954000 0.000212174085409
6 2 40000 0.000123662258807
5 1 32000 4.79453465987e-05
3 5 6000 0.000242092421528
0 4 20000 0.000246776143138
2 3 1122000 1.01103082628e-05
2 3 14000 9.96029365607e-05
5 1 675000 0.000142746046658
7 6 8757000 3.73102781825e-06
1 7 64000 5.53424872527e-05
0 4 160000 4.39200907467e-05
2 3 40000 2.80437903908e-05
2 3 295000 2.44812270218e-05
4 0 45000 0.000428855512132
3 5 14649000 6.94482107308e-05
0 4 2738000 0.000110680945193
2 3 679000 9.59340554092e-05
5 1 4273000 6.3957914433e-05
1 7 12574000 1.36448868671e-06
0 4 15000 0.000140940689829
1 7 6000 0.000113107493502
2 3 5036000 0.000297585118305
0 4 24000 2.82012753794e-06
1 7 15000 8.70704974256e-05
4 0 19000 2.75805124947e-05
7 6 387000 3.10274257065e-05
5 1 34000 6.4642564052e-05
7 6 49000 3.53909478585e-05
6 2 3119000 5.99093188771e-05
7 6 19000 1.40709799323e-05
2 3 6000 0.000306533140665
6 2 48000 0.000363710608086
5 1 6000 8.41308712685e-05
3 5 6000 3.27430148843e-05
7 6 16000 0.000233510633691
5 1 1161000 5.34425396113e-05
1 7 9000 9.71415952555e-05
5 1 87000 0.000138472554239
1 7 1163000 9.89290529523e-05
6 2 348000 0.000101088538554
2 3 19000 0.000241641438162
2 3 789000 0.000135005848928
7 6 36000 1.42952007829e-05
0 4 607000 5.81380330822e-05
7 6 9000 0.000164786119124
7 6 52000 9.01627972245e-05
6 2 855000 0.000308103006458
1 7 10000 0.000145444699448
0 4 33000 8.31355531246e-05
7 6 18000 0.000449595674096
6 2 50000 4.62369268961e-06
1 7 10000 0.000179719677259
2 3 12805000 0.000181792864504
3 5 6000 7.34209130999e-05
2 3 59000 0.000125838285025
2 3 24000 0.00028627184631
7 6 122000 2.08682568892e-06
5 1 6000 4.93373827193e-05
6 2 26000 0.000373969925526
6 2 128000 1.93859751185e-05
5 1 2622000 0.000471322633389
7 6 22000 4.26445965751e-05
5 1 45000 6.3064788197e-05
6 2 31000 4.42269586665e-06
3 5 32000 6.29139047341e-05
1 7 6000 0.000400911981702
4 0 3191000 0.000580096576369
6 2 1923000 2.57871222011e-05
4 0 38000 0.000243027095928
2 3 37000 8.76734056845e-05
3 5 6000 8.29112836649e-05
4 0 6000 4.50028319199e-05
4 0 23000 6.04077618771e-06
3 5 36000 4.90938065401e-05
1 7 5623000 3.16204430229e-05
0 4 10000 0.000107894780546
2 3 17000 0.000327094378575
2 3 442000 3.98077316026e-05
2 3 27000 0.000146752561605
6 2 23000 7.27742832289e-05
7 6 17000 1.00303235353e-05
7 6 18000 0.000147289931412
6 2 82000 0.000336792214638
7 6 51000 0.000224364695365
6 2 6000 0.00088443543087
6 2 6000 1.71524395538e-05
3 5 1315000 0.000140517678724
1 7 17000 2.02180069504e-05
4 0 6000 9.21152553668e-05
0 4 5016000 4.49794957209e-05
1 7 2902000 9.72985910808e-05
2 3 6299000 0.000245492342556
4 0 22000 0.000109262821972
1 7 45000 3.40470625826e-05
0 4 550000 0.000117827953725
2 3 4233000 0.000324507508362
0 4 15000 4.83526698529e-05
2 3 371000 8.89065971039e-05
7 6 6096000 0.000288781039721
6 2 6000 3.71936262553e-05
3 5 29000 0.000289655576738
1 7 43000 4.03096991912e-05
5 1 52000 0.000342753265244
2 3 6000 5.09514368532e-05
1 7 5881000 3.399567829e-05
1 7 6000 6.85966748097e-05
3 5 542000 5.10023732991e-05
2 3 629000 3.7078709417e-05
4 0 272000 0.000189855227688
0 4 17000 2.28404436355e-05
7 6 6000 0.000274918291283
7 6 236000 0.000142992015094
2 3 14000 6.62604652684e-05
6 2 1000000 2.93862472998e-05
3 5 204000 2.71599956139e-05
7 6 2858000 0.000232347593478
1 7 6000 0.000172035600685
6 2 1039000 6.65497541177e-05
4 0 6000 0.000234695340818
6 2 16000 0.00025291686348
4 0 2656000 0.000138712306429
0 4 12000 0.00018855811488
7 6 1812000 0.000202347438174
0 4 6000 0.000207247068333
0 4 413000 6.85899998405e-05
5 1 2895000 6.49925396516e-05
5 1 27000 6.99149125549e-06
3 5 2909000 0.00102184524271
3 5 51000 3.29691535645e-05
7 6 81000 6.92590994986e-05
2 3 6000 7.68094291617e-05
5 1 36000 0.000291809191017
4 0 417000 0.000146289266749
2 3 6000 9.91549772436e-05
4 0 13000 4.52373226956e-05
3 5 35000 0.000285840422888
4 0 9000 0.000684786818851
1 7 6000 0.000154502175235
5 1 4668000 6.83540529347e-05
5 1 6000 0.000163376330336
7 6 5923000 0.000175177039328
6 2 17000 9.21289624551e-05
3 5 20000 0.000142226727123
0 4 29000 0.000118957489444
1 7 45000 0.000191626183227
4 0 170000 0.000114802827031
4 0 47000 8.75405602101e-05
6 2 237000 5.16938532189e-05
7 6 17000 1.54237036469e-05
6 2 24000 0.000112533843738
1 7 127000 1.12351724346e-06
0 4 34000 0.000107175209902
2 3 2469000 0.000206569976362
5 1 86000 7.54061852484e-05
7 6 6000 0.000223971355198
0 4 92000 4.94855129562e-06
2 3 3034000 0.000151805008126
2 3 2273000 8.51220659359e-06
5 1 5350000 9.62607457287e-05
6 2 6000 1.77657997202e-08
7 6 44000 0.000118357544393
4 0 1262000 0.000104487144041
7 6 50000 0.000141809196912
7 6 20000 3.1136551913e-05
2 3 6000 0.00011617653279
0 4 19000 0.00021680842677
6 2 89000 0.000192661410432
4 0 1176000 3.26882913031e-05
6 2 73000 0.000216759260651
0 4 7000 9.85888348601e-05
3 5 20000 0.000204251129761
1 7 3088000 2.92013937697e-06
1 7 2058000 0.000155407831504
0 4 17000 9.14345206284e-05
7 6 47000 0.000205219362291
0 4 18000 0.000344334372518
3 5 108000 4.79961080404e-05
4 0 19000 0.000123062215025
3 5 113000 0.000112375050285
0 4 929000 7.49074411894e-05
7 6 504000 4.36393450316e-05
3 5 440000 0.00017376860784
1 7 20000 0.000135530246054
3 5 6000 8.04488788202e-05
0 4 1373000 4.50147059929e-05
4 0 29000 2.28767929289e-05
4 0 3083000 0.000192242072685
2 3 482000 3.57025593067e-05
4 0 8000 2.35521274503e-05
7 6 6000 0.000143043816683
1 7 2864000 0.00013887015024
0 4 2816000 0.000156407427306
2 3 1198000 0.000352410212683
2 3 79000 0.000401738165961
7 6 6000 3.3537458386e-06
5 1 6000 3.20764174562e-05
7 6 1576000 0.0003851087977
0 4 2000000 0.000147226654817
6 2 22000 7.8019105757e-05
2 3 692000 1.19174446001e-06
5 1 2402000 0.000330661919618
0 4 5516000 2.94067068816e-05
0 4 2427000 0.000409507718033
1 7 263000 0.000234616852576
4 0 215000 0.000178917780875
6 2 1766000 4.98251507697e-05
7 6 5864000 2.31902662327e-05
7 6 4210000 0.000189002975249
4 0 58000 8.17326658629e-05
7 6 28000 5.61415753964e-05
6 2 2526000 0.000279490536831
7 6 2644000 0.000805958314169
3 5 194000 0.000109119596139
1 7 41000 1.85712570056e-06
6 2 3141000 0.000127186448277
7 6 6000 7.67298426876e-05
4 0 112000 0.000219032973582
6 2 6000 0.000174492207461
4 0 1238000 5.09298221518e-05
6 2 815000 0.000194294478446
1 7 6000 1.21083886493e-05
7 6 11000 2.85483666771e-05
6 2 247000 4.74860922297e-05
0 4 14000 5.4951754267e-05
7 6 15000 8.98496785962e-05
5 1 23000 6.36818734272e-05
3 5 52000 0.000203103259893
0 4 25000 0.000137958682076
5 1 13000 0.000147520712947
2 3 131000 3.98861421358e-06
0 4 25000 9.47388978747e-05
4 0 1114000 0.000151292607905
1 7 46000 1.49518886403e-05
0 4 452000 0.000219686683996
6 2 47000 3.35235298103e-05
7 6 33000 9.7380735546e-05
3 5 10000 7.04234874327e-06
6 2 13000 2.45497011815e-05
4 0 94000 5.57154425636e-05
1 7 15000 1.3210077116e-05
