2 7 6000 0.0
2 3 876000 0.000245820559869
3 7 5206000 0.000203208829819
6 0 7492000 2.40159586646e-05
2 4 6000 0.000147967878859
3 7 37000 0.000248182452794
6 5 17000 4.03298532055e-05
1 2 26000 2.81224224985e-05
2 5 4018000 0.000538219857658
7 3 6000 3.38284258561e-06
7 4 6000 0.000170533793302
7 5 15000 0.000109311044018
5 1 6000 4.72766843258e-05
2 0 6000 0.000168441769413
3 2 759000 0.000107953310574
5 6 6000 6.67027849e-06
3 5 18000 0.000185078350462
5 0 534000 9.03654436626e-05
1 0 438000 0.000342091968686
5 6 3017000 4.67651252463e-05
5 1 665000 4.51514180324e-05
2 4 10000 0.00014146290425
4 7 6095000 0.000556824509431
3 1 45000 1.85752837187e-05
5 0 25000 0.000332289286183
1 7 388000 4.76419480999e-06
3 7 20000 8.96643345165e-05
4 5 1635000 0.000189884256092
0 1 14000 1.13578243703e-05
2 3 1213000 7.77793042139e-05
7 6 49000 0.000116390905433
2 7 6000 0.000181051252814
0 3 41000 7.17758734654e-05
1 3 4471000 6.31201697954e-05
7 1 1070000 0.000122723861495
5 4 2792000 0.000113816477767
7 3 6000 1.00812261721e-05
5 1 6000 8.72882963647e-05
2 1 27000 4.075068609e-06
0 7 4776000 7.04144346408e-06
3 5 19000 6.82747133918e-06
4 3 32000 4.034319615e-05
3 0 29000 9.43978613026e-05
7 4 398000 0.000123759489509
2 0 448000 9.5641013105e-05
3 1 931000 8.45786414205e-05
6 4 2042000 2.37502918718e-05
5 2 6510000 3.08409535348e-05
2 6 9848000 0.000120225554056
0 3 6000 0.000206474504857
7 1 1325000 3.8981305565e-05
6 0 42000 0.000250171084775
6 1 6000 7.49530069311e-05
6 4 1036000 0.000271797829305
0 7 9000 2.43715400088e-05
5 2 16000 9.74415510278e-05
1 5 25000 5.20256752132e-05
1 7 44000 4.67832740112e-05
1 3 666000 0.000117860663992
2 4 30000 0.000114237891778
7 1 12000 3.53520961742e-05
5 1 1501000 3.40580146123e-05
2 1 11000 3.00645568581e-05
6 0 1321000 0.000365675691879
2 5 5564000 6.86028077241e-05
2 4 55000 0.000144622998414
6 7 23000 5.52250229906e-05
7 1 6000 2.51588593188e-05
4 3 428000 0.000185614413813
4 3 6000 3.31822005584e-05
5 3 1195000 0.000302615303965
2 0 15000 6.67211319991e-05
5 4 243000 6.54586803117e-06
5 1 6000 1.76424006684e-05
5 6 58000 4.14037610184e-05
0 6 502000 4.00887605672e-05
3 0 126000 0.000108660718027
2 6 6341000 0.000225917245984
5 2 16000 1.59508080022e-05
0 1 4686000 0.000108659198337
6 1 1195000 4.3305284658e-05
2 6 509000 3.43348920433e-05
7 5 43000 0.000163858939056
1 0 22000 0.000192555126529
5 1 33000 6.25073451535e-05
5 6 2157000 0.000315686859788
3 1 947000 0.00013292062256
3 7 631000 0.000256234354639
4 2 16000 5.53903749378e-06
5 1 50000 1.95950133928e-05
4 5 6000 7.40371362529e-06
7 3 29000 6.76919009461e-05
6 5 18000 1.57564060415e-05
2 5 686000 0.000398354294254
3 0 650000 0.000648297521448
5 7 5752000 0.000174159363455
0 5 5277000 0.000516578635488
7 5 17000 5.23390754279e-05
7 1 18000 0.000269323661806
6 0 51000 1.34491073325e-05
2 7 2310000 4.88524981961e-05
1 4 15000 0.000247556320569
0 3 631000 3.02688259732e-05
0 4 6655000 0.000306679362647
0 2 409000 0.000107890516485
7 5 3313000 7.11082366076e-05
5 3 110000 0.000138607023452
6 4 2006000 7.27300099357e-05
7 0 6000 0.000170441277404
5 1 23000 1.71781994394e-05
2 7 6000 1.45320643274e-05
4 0 48000 0.000546601807804
5 6 6531000 2.58999525733e-05
6 1 1076000 0.000308109599369
3 2 38000 0.00038450283548
1 3 482000 3.10256213365e-06
7 5 459000 1.08732017974e-05
5 6 112000 0.000258250352406
2 7 88000 0.000302784858632
0 3 37000 0.000110195565529
7 3 14000 9.29645325609e-06
2 5 6000 0.000409329769422
7 2 3275000 0.000351222275998
5 1 87000 0.000212517559901
6 4 18000 0.000117560275049
0 5 21000 0.000454641481982
2 0 1552000 4.09838907929e-05
0 2 6000 3.20431932832e-06
3 6 4360000 2.39875596437e-05
5 2 3097000 0.000102954588917
2 1 20000 8.7417930708e-05
7 1 14000 1.68237241585e-05
4 3 45000 0.000730841760777
5 3 934000 0.000460395811873
2 5 33000 9.58074180235e-06
1 0 39000 0.000475402218789
7 3 1242000 1.9492272642e-05
4 2 37000 9.97025097549e-05
1 4 6000 9.74889449858e-05
6 4 427000 0.000277886716851
1 4 3455000 0.000276497091129
2 0 20000 8.29999704055e-06
5 4 224000 9.67920287855e-05
7 4 6153000 0.00024121434065
1 3 2027000 0.000125535652965
4 6 34000 6.39731877723e-05
4 1 289000 6.93015641617e-05
2 3 19000 0.000451671889378
3 4 1238000 3.62455874081e-05
3 5 6000 0.000285860472287
2 6 49000 2.87801549081e-06
0 6 6000 5.18589120713e-05
7 5 1821000 0.000134565908796
3 6 38000 5.58627718881e-05
6 5 14223000 0.000350619789414
6 7 50000 7.91633259436e-05
6 4 6000 3.35155688922e-05
2 0 17119000 1.45419909896e-05
4 1 183000 0.000294374017673
6 1 694000 3.6902288914e-05
7 6 25000 5.30476160674e-05
1 0 6000 8.29050715945e-06
0 4 110000 9.1351844191e-05
1 4 433000 3.69604222772e-05
4 5 27000 8.27636855718e-05
0 2 99000 4.60383203695e-05
0 3 859000 0.000284311587747
7 1 113000 3.65323814979e-05
1 3 444000 0.000133768216238
7 1 24000 0.000118270695057
4 1 154000 9.99566058062e-05
1 5 8274000 0.000493307112701
4 7 2533000 4.41259092905e-05
5 1 1419000 0.000223740186184
4 1 52000 2.90174975288e-05
5 3 3862000 0.000335280638033
6 5 6000 6.46316818553e-05
3 7 6000 0.000151187606611
7 1 198000 0.000116470394787
6 5 11000 0.000179613033346
5 7 6000 0.00022342622768
7 1 19828000 5.86937603395e-05
3 7 864000 0.000138533382107
2 0 69000 3.77495519954e-06
2 3 6000 0.000125604095327
4 0 76000 0.000148395908791
0 4 6000 0.000998833972267
5 4 34000 0.000123903890047
6 5 5016000 6.37606626475e-06
7 1 36000 0.000187405646238
2 3 1563000 2.83423905527e-05
5 7 2331000 3.92752449179e-05
4 2 43000 8.5053999755e-05
5 1 28000 3.29547237758e-05
5 6 439000 0.000117537750013
7 1 31000 0.000436996256694
3 7 22000 0.00010725668657
3 0 471000 0.000181362643783
0 2 6000 3.81267446063e-05
4 5 1600000 3.27675868041e-05
7 2 644000 0.000427783895235
5 6 14000 0.000103186246206
1 0 17000 0.000156141662551
4 5 18000 7.38957510875e-05
0 7 937000 5.45276354678e-05
5 7 6000 0.000125140306065
0 5 17000 0.000582594165834
5 1 35000 8.13502430914e-05
6 0 942000 5.69877984107e-05
5 7 13000 4.45270903247e-05
3 4 6000 4.9393936671e-05
0 3 9000 0.000111344131627
6 1 26000 0.000683000452591
2 0 37000 0.000286026341124
6 4 43000 5.14514315906e-05
3 5 52000 0.000115420921593
4 6 14000 0.000162813341336
3 6 28000 0.000263787393237
2 7 19000 3.10438543147e-05
1 2 18000 0.000100046700462
4 7 22000 0.000106393105731
2 0 42000 0.000306061617641
2 7 18000 7.85816811351e-05
1 5 6000 0.000194275941053
2 1 16000 9.27692314834e-06
3 4 10000 7.70765555635e-05
5 0 14890000 0.000187015770982
2 3 635000 0.000241511481744
6 4 318000 6.87846251877e-05
6 2 329000 3.47133619534e-05
5 0 17000 0.000124528107834
3 4 26000 4.09423448715e-05
7 0 9000 0.000235856362221
6 4 990000 0.000296350664648
6 1 49000 0.000238108526583
1 0 5567000 5.9918152256e-05
6 0 10000 0.000107525773722
0 2 6000 3.34742508303e-05
3 6 6000 2.45620093662e-05
5 3 2264000 2.24322974285e-06
4 0 148000 7.56841593352e-06
3 0 814000 0.000406452223527
6 3 11000 0.0003265558863
2 1 28000 2.47846789603e-05
6 3 33000 1.16428720489e-05
2 4 43000 8.70217784843e-05
5 3 45000 8.92799462948e-05
3 1 6085000 0.000142923304166
5 1 2305000 0.000200249511508
6 3 43000 6.74332798627e-05
3 2 132000 9.29404560694e-05
6 5 18891000 6.19912119675e-05
6 0 22000 7.94489704121e-05
7 5 6000 0.000346444501795
0 2 11015000 0.000355297466133
4 0 315000 0.000297740849399
6 3 6000 0.000164324314931
1 2 37000 3.5520087811e-06
6 1 43000 6.7532002116e-05
2 1 3660000 8.76394786231e-05
0 4 36000 3.08061478846e-05
1 7 2404000 3.15941205973e-05
2 3 31000 3.70521972177e-05
1 5 3982000 0.000176291742397
7 2 614000 9.47728105609e-05
0 5 6000 0.000219742635344
1 6 27000 1.80724728387e-05
6 3 6000 2.99132555093e-05
6 5 30000 3.10123653182e-05
7 4 6000 0.000184359876791
0 6 37000 0.000150183990506
2 3 10000 1.0727779616e-05
2 0 4322000 1.61937872329e-05
6 2 68000 0.000201340264773
1 7 15718000 9.5467519579e-05
0 5 14000 0.000125183754744
7 5 210000 3.77164843859e-05
1 3 38000 0.000525245206365
0 5 97000 2.41028546388e-05
0 6 6000 0.000314939357732
1 0 6437000 0.000127354337816
1 4 12535000 0.000196067961263
3 4 16000 0.000191088545632
5 7 50000 8.12280605276e-05
5 4 28000 0.000340384406223
3 4 6221000 9.36625317192e-05
4 2 116000 9.96723184483e-05
6 3 532000 0.000119419534233
1 0 23000 2.12890241169e-06
6 4 18000 8.04230307476e-05
1 0 81000 3.58075983242e-05
1 3 3826000 7.75868862382e-05
4 6 1286000 0.0001767838161
5 0 2990000 0.000277809803757
7 3 53000 1.05039395626e-07
3 4 1144000 0.000102436797369
7 0 10483000 3.91632116363e-05
5 7 26000 7.45413425847e-05
0 3 479000 2.62970562099e-05
2 7 2664000 0.000186156531117
6 4 817000 7.51711400357e-05
2 1 16000 5.37559438452e-06
6 2 1788000 4.96706520381e-05
5 7 169000 0.000132180081646
4 3 34000 8.23484053192e-06
7 6 1910000 1.42321839069e-06
2 4 238000 6.76272927866e-05
6 0 621000 0.000130165481752
3 6 1154000 0.000162153895437
4 7 956000 0.000273495702922
2 0 7000 1.40373338353e-06
4 0 37000 0.000168826806292
5 0 2387000 0.000183512673499
3 5 6000 3.71340536698e-06
7 4 364000 0.00011748570596
0 2 39000 1.85480576471e-05
1 6 6000 2.31466000522e-06
1 6 861000 0.000181014654089
3 6 30000 0.000121795080822
3 6 19000 4.47978682356e-05
2 6 2436000 0.000271518513417
7 6 5604000 0.000402635028554
6 1 6000 4.82970791114e-05
0 2 6000 3.94646261968e-05
0 2 104000 0.000144721245168
2 5 6000 2.87006515782e-05
0 5 6000 7.63604223684e-05
1 3 702000 0.00024134351984
1 3 74000 5.87691659273e-05
3 6 5580000 3.66118180724e-05
6 5 448000 0.000169127876039
7 1 501000 9.05514230576e-05
1 4 16000 5.63953806272e-05
4 5 6016000 0.000104786579859
4 7 9000 9.47481859259e-05
2 1 52000 4.19669907299e-05
3 2 111000 1.57865239059e-05
2 4 53000 0.000335291493119
7 3 13000 7.66320315111e-05
4 2 19000 1.77214215469e-05
6 4 853000 0.000555914097992
2 5 2268000 0.000121350635435
0 1 550000 0.000249903884403
7 6 6000 0.000150415773988
3 6 16000 0.000190173785337
7 0 825000 1.91584116591e-05
6 4 6000 0.000137096423129
4 5 1122000 0.0001126764568
0 5 5416000 0.00013606869979
2 7 6000 0.000408244295805
4 7 37000 9.24241281417e-05
7 2 798000 0.000312480059402
2 5 3405000 0.000417096748908
7 0 12000 0.000487833503779
6 0 51000 4.16480423104e-06
1 6 51000 0.000196928316173
0 2 6000 0.000186639681371
4 6 41000 0.000194054221254
7 3 43000 0.000103352505012
5 3 1678000 1.22585845741e-05
4 0 6000 0.000204508856984
0 1 1092000 6.1324801317e-06
7 2 6000 9.16892372671e-05
2 1 6000 1.10555011179e-05
5 6 15000 0.000261257181978
0 3 38000 0.000344591722685
6 3 6000 5.68121118838e-06
4 3 13000 1.35589415451e-06
3 5 5728000 4.50147504805e-06
3 6 129000 8.88646917412e-05
4 0 15900000 7.64356803236e-05
7 1 575000 0.000323748019264
7 4 43000 0.000268003825665
5 1 24000 1.15469426762e-05
5 1 2377000 7.99535774381e-05
6 1 15000 1.77331861919e-05
5 7 114000 3.50334206085e-05
7 4 30000 0.000151015643477
3 1 2228000 5.15372310548e-05
6 1 1027000 5.90666400457e-07
1 3 27000 5.27923781577e-05
6 0 127000 2.17661929227e-05
7 1 6000 0.000206950005206
2 5 81000 7.51087102961e-05
5 4 4677000 4.23853295628e-05
3 4 654000 5.02014890154e-05
4 7 6000 0.000226106233856
5 3 15000 0.000141224493984
1 3 6000 0.000300816844974
1 7 6000 0.000171023385088
6 5 164000 3.2934416202e-05
0 7 6000 0.000518988761784
1 4 28000 0.000131862871636
7 5 291000 0.000727069826082
3 2 46000 0.00016533683678
7 2 38000 9.38337292888e-05
2 3 22000 0.000186408018239
6 5 75000 0.000155086440345
2 3 14000 1.25175325549e-06
0 7 53000 0.000311549116919
4 0 13000 1.11353035337e-05
5 1 3675000 3.52623706452e-05
4 3 15000 6.94665845933e-05
1 5 18220000 5.63122334949e-05
3 1 6000 0.00011860629026
0 6 6000 6.0532353636e-05
6 4 6000 2.82526572919e-05
0 6 31000 5.67267712881e-05
2 3 7000 0.000210086906316
6 5 6000 0.0004348239004
7 2 44000 0.000706180918424
1 5 17831000 4.16271178643e-05
7 2 46000 6.03004240476e-05
6 7 1010000 0.000266759452894
2 4 2502000 5.5534113836e-05
6 5 6000 3.33432879227e-05
5 0 33000 7.30127262514e-05
6 4 12000 0.000135153951042
0 2 29000 6.93085047518e-05
0 7 1296000 5.56472976445e-05
4 0 24000 0.000222572054102
5 7 33000 2.97832511498e-06
4 2 78000 0.000146395235503
5 0 553000 0.00035525393354
2 0 18868000 0.000552907501495
3 0 649000 0.000544478414122
6 7 5045000 0.000458007050563
2 7 6000 0.000294711560609
5 2 6000 9.22764097577e-06
5 7 19000 0.000175766693058
1 6 6422000 6.51617552077e-05
6 4 570000 7.25749361139e-05
0 3 3047000 6.85426084757e-05
1 2 268000 0.000159026609878
0 7 13000 9.76620669351e-05
1 2 32000 0.000325064486105
6 7 24000 0.000475250503557
6 3 1066000 0.000687078776744
1 3 8000 0.00039673965927
4 3 2898000 0.000276668219647
5 3 4831000 8.68247667982e-05
3 0 1998000 0.000187428862257
1 6 757000 0.000230073132808
4 0 3246000 0.000122287018716
1 4 6000 3.99885996856e-05
1 6 6000 0.000488235931644
0 1 6000 0.000103262286732
6 3 5707000 0.000317441490971
0 1 35000 0.000142405818205
4 6 2848000 0.00015254622014
0 4 2040000 0.000157113845324
7 2 1112000 5.54686440231e-05
7 5 8000 0.000193994366901
2 0 107000 0.000356484327445
0 2 365000 8.82529156847e-05
5 1 17000 0.000182292996251
2 5 6000 8.85965915505e-05
5 3 11000 0.000188695161298
4 1 11000 6.44203537741e-05
4 0 5904000 5.76247234745e-05
4 5 57000 2.33816188699e-06
1 4 9887000 0.000123030408126
1 5 11871000 0.000584593006906
0 4 2551000 4.65877975739e-05
6 0 24000 9.39790174823e-05
4 6 55000 9.18009147006e-05
6 3 29000 0.000184958559894
4 5 17000 0.000301140178921
3 6 17000 0.000233340541232
5 0 240000 3.96224297519e-05
7 4 112000 7.29051384922e-05
7 3 1306000 0.000101078667264
3 2 6528000 2.0883410347e-05
5 3 13000 0.000426622738696
5 7 6000 0.00010181469966
5 1 17000 0.000214371460957
6 3 23000 5.00669901236e-05
2 0 39000 0.000130199274253
7 2 1293000 0.000203698256771
2 3 6000 0.00015429393512
5 0 38000 0.000155589544867
1 4 617000 4.3886167985e-05
7 4 24000 0.000339280397619
0 4 16000 2.52016469815e-05
5 6 52000 7.62267751258e-05
6 4 323000 0.000116191296283
5 4 1232000 2.79521164712e-05
1 7 38000 5.07297607706e-05
0 3 20000 2.12297406383e-05
6 0 15000 0.00015805298802
0 3 42000 8.49147880106e-05
0 7 6000 0.000391418576872
2 5 16000 0.000578879080203
5 0 6000 5.50232309169e-05
1 6 6000 8.30995348311e-06
0 4 7370000 9.86791338666e-05
1 2 12000 0.000455691492395
7 0 18000 1.62236364192e-05
0 3 89000 0.000260180035769
7 0 1182000 0.000182012473916
0 6 14000 0.00010244589357
7 2 4066000 0.000267643550066
5 4 6000 1.85599960876e-05
7 1 6000 0.000194495085272
1 5 2105000 0.000222479126652
3 2 16000 0.000157912660088
6 7 95000 0.000120310667796
3 2 19000 0.000222834391753
1 0 37000 0.000328898180684
0 2 43000 1.69510113921e-05
6 3 21000 0.000199238499697
6 5 1235000 8.12031707076e-06
2 3 15000 9.95707149896e-05
7 5 1806000 0.000104717211674
3 6 14000 4.12266936718e-05
6 1 2098000 3.91178550492e-05
2 7 15000 0.000376918127963
5 6 18000 0.000106507132659
5 1 35000 0.000124673910987
2 7 6000 1.07484378817e-05
6 3 668000 4.83988298619e-05
5 6 36000 0.000535588983827
6 7 48000 0.000153611115613
5 4 35000 3.23541572909e-05
1 6 26000 0.000300510589298
7 2 2473000 0.000113758369713
0 3 15314000 0.000225533103868
3 0 6000 0.000371095758317
3 1 4544000 0.000328754749823
4 6 17000 0.000336075707941
6 3 6000 1.19573014048e-05
7 5 6000 0.000442975016371
3 2 105000 0.000221098705933
5 1 26000 0.000208795798099
0 6 6000 0.000100308614768
3 4 6000 0.000539737165811
3 7 6000 0.00033184240173
3 4 6272000 0.000102848579271
1 4 307000 5.35884371586e-05
5 2 18454000 7.17115202959e-05
6 4 1173000 1.36878599515e-05
1 5 40000 3.97176232656e-05
4 3 1027000 4.75759742131e-05
2 5 28000 6.25246570687e-05
2 1 102000 4.99413461563e-06
2 6 44000 0.000357238738742
1 3 244000 0.000292037597936
4 3 3920000 0.000208948731828
3 2 1339000 0.000266317780834
1 4 68000 0.000150256307103
2 0 6000 4.66382390607e-05
5 7 282000 9.01524463959e-05
6 5 124000 6.38222376466e-05
6 1 59000 0.00021808208
2 1 156000 0.000106424382249
4 1 6000 0.000149832776499
2 5 23000 0.000109399706768
2 7 3785000 0.00025918904818
4 5 38000 0.000232565402523
6 3 6000 0.000361098240697
3 5 1022000 0.000170059312054
4 5 110000 0.000230864224531
5 4 10000 0.000246958503365
3 0 3193000 0.000437637352535
4 3 804000 6.05200504398e-05
0 1 6000 6.97271684051e-05
4 7 2191000 0.000176942435632
3 5 31000 8.67412533339e-05
5 2 108000 0.000172913028261
2 3 931000 0.000621297473369
5 4 898000 6.36280923099e-05
4 0 23000 0.000114971640542
1 4 6000 8.26987110476e-05
0 5 6000 2.69326176474e-05
0 5 7297000 0.000529144066866
1 4 3639000 0.000235293574293
1 4 6000 7.73395682516e-05
0 2 15000 1.09189502524e-05
3 7 17000 4.39383171758e-05
3 6 27000 3.0645138021e-05
5 6 2138000 0.000492541946104
1 5 3580000 0.000153999338038
7 1 6000 0.000204755704132
3 7 17000 0.000173411727799
7 6 1179000 0.00011095871831
4 2 25000 2.25774622749e-05
5 7 6000 0.000267960208878
5 7 374000 2.00546571478e-05
7 4 309000 4.26255864805e-06
0 1 14000 1.60969173904e-05
7 6 121000 0.000412035180939
1 5 239000 0.000568370893569
1 6 40000 0.000344625721646
0 2 4803000 0.000121923891427
6 4 806000 0.000173053167577
6 3 526000 8.67763148327e-05
2 4 232000 9.85774304578e-05
5 2 552000 0.000380457402759
0 7 42000 0.000174972995018
1 4 18113000 2.72099693295e-05
5 4 1627000 0.000302859124504
3 1 6000 7.45964991224e-05
1 0 1177000 3.30047110213e-05
1 5 40000 5.02149762476e-05
4 3 1072000 0.000115676224469
7 6 10000 0.000409657189085
6 5 38000 0.000125728087421
7 1 49000 5.04936768622e-05
0 3 30000 5.37172443837e-06
7 5 14792000 2.62498018728e-05
7 3 4145000 0.000190769687547
6 2 10000 1.65550624232e-05
4 5 591000 3.39626060359e-05
1 4 790000 0.000328078483731
2 4 3829000 0.00010130708507
6 4 610000 0.000119153009224
0 2 36000 5.46341936536e-05
5 3 6000 0.000100263784517
1 2 493000 0.000160127226767
3 6 5306000 0.000204212997904
7 5 5718000 0.00013490744407
2 1 6000 0.000314926226895
2 4 43000 7.14769471721e-06
1 5 6561000 3.89120483191e-06
0 5 2689000 0.000247504277574
2 5 10000 4.10239715141e-05
7 1 95000 0.000148987623027
5 7 1031000 0.000215718119839
2 6 470000 0.000314611695669
1 0 17000 9.93342334987e-06
3 1 852000 0.000106787240979
1 2 16302000 0.000102359625521
1 3 24000 0.000175924359535
4 0 1774000 0.000100951855788
5 0 90000 0.00033138898614
5 6 417000 6.90921557698e-05
1 7 6000 4.50660507683e-05
5 4 52000 4.1989158146e-06
2 3 34000 1.41588844269e-05
0 1 15000 1.39732790545e-05
1 7 6000 0.000286731127429
1 5 609000 6.39888792306e-05
2 6 592000 0.000628474140224
3 6 1283000 0.000297307286967
5 1 17000 0.00017194639186
6 3 16000 0.000107511371255
4 0 45000 8.61693592704e-05
3 1 324000 1.36246141675e-05
1 4 182000 0.000209381458552
5 3 682000 0.000261912746574
1 6 242000 0.000117690388998
3 5 36000 0.000392368814336
4 3 985000 0.000279897777926
7 6 6000 7.83380574743e-06
2 5 3117000 1.69712165732e-05
1 0 11000 7.47546934035e-05
1 3 16000 6.64517768678e-06
2 6 31000 6.28809372794e-06
5 3 1107000 0.000160603802498
5 0 36000 1.43609024128e-05
2 0 33000 0.000113788220447
1 5 6000 0.000192580123016
2 7 6000 8.94153613009e-05
7 2 26000 4.83105722355e-05
3 2 28000 0.000133857349744
6 7 747000 2.78219506105e-05
1 2 1016000 3.8373864309e-05
2 0 2403000 2.64036370292e-05
3 6 698000 3.06978977447e-05
4 1 13000 0.000138966005338
6 2 644000 2.48066800475e-05
0 5 53000 0.000338771783672
6 5 791000 0.000101726760298
4 1 36000 4.51238146828e-05
0 2 26000 0.000214055246988
4 0 8000 3.6154220195e-05
7 5 1705000 8.30332116837e-05
3 5 17627000 0.000249134230125
3 2 17000 5.58860372357e-06
1 5 50000 1.62143412021e-05
0 3 17000 0.000202332555611
7 0 5922000 9.48453305094e-06
7 4 3160000 3.42914634481e-05
3 2 983000 4.90341791237e-06
3 6 6000 3.30844003249e-05
0 6 271000 0.000278944438536
0 6 1181000 7.43926115176e-05
1 5 18000 2.41633196771e-05
5 3 5181000 0.000310454466393
1 5 42000 2.19069422824e-05
5 0 8000 8.60224319423e-05
5 0 53000 0.000384511687497
5 0 3470000 3.28623961852e-05
5 6 16000 0.000130386982219
7 4 11000 9.67554977895e-05
1 4 92000 0.000552266924197
0 7 15522000 5.3238168755e-05
7 0 34000 6.51914509826e-05
0 2 297000 0.000225803920525
2 4 28000 0.000112278672021
5 1 14000 0.000140034096032
2 7 959000 0.000526353847949
1 0 17000 5.31290274919e-05
1 5 40000 0.000195930085905
5 7 6546000 0.000922560033487
3 4 3248000 0.000184800011889
4 6 15000 0.000181092618187
4 7 41000 4.05539075716e-05
6 0 269000 0.000328189940514
5 0 6000 2.35738247174e-05
7 1 191000 1.17681363061e-05
7 0 757000 2.35182677575e-05
6 2 18000 2.16477565049e-05
0 1 111000 4.7070955556e-05
4 7 206000 1.48995150882e-05
1 0 48000 8.19623537889e-05
7 6 27000 0.000190468698376
3 0 47000 0.000217631293514
2 3 217000 2.63515672683e-05
6 2 17000 0.000156855397687
0 3 129000 7.97482665833e-05
3 5 6000 1.84853990328e-05
7 0 936000 6.48680694795e-05
7 6 6000 4.19301493066e-05
4 5 964000 0.000436413640328
2 1 2707000 9.40305396253e-05
7 1 491000 5.42935720826e-05
0 3 6000 0.000197762954767
5 2 749000 0.000190989598023
5 7 1835000 0.00027939067078
2 0 6000 0.00025204234266
4 5 3533000 0.000265941618384
2 0 27000 1.66963056547e-05
6 4 6000 0.000223610078888
0 5 585000 0.000674346612755
0 6 52000 8.10814760763e-05
5 1 6000 5.81299955142e-05
5 4 6000 0.000224812450418
7 3 29000 2.58758616134e-05
0 1 3331000 9.88802777302e-05
1 7 64000 1.3709594384e-05
0 7 770000 1.67738099819e-05
6 2 1248000 2.32899085697e-05
5 2 40000 0.000243447609041
4 1 16000 0.000296257450773
2 1 1727000 0.000410419038342
2 6 6000 3.83620344639e-05
1 5 26000 1.08117194677e-05
1 0 3377000 1.24837631843e-05
7 6 147000 0.000257795536712
4 7 18000 0.000147543810023
3 7 192000 0.000307169980724
0 5 19000 0.000220612467833
1 6 4140000 0.00011540207919
5 7 51000 0.000323717033304
7 6 38000 8.11688604572e-05
3 7 137000 0.000303217201633
2 4 50000 0.000152040011406
5 2 8000 0.000133764619033
5 4 6000 0.000351634806235
3 2 6579000 5.81734729366e-06
1 0 24000 0.000150008517702
4 1 288000 5.40238491966e-05
0 2 6000 0.000159131906077
6 4 1058000 5.68664430658e-05
3 7 425000 4.51764752627e-05
1 2 22000 0.000143593605547
6 2 6000 0.000229463654644
4 3 32000 0.000188638154669
4 5 44000 1.08165799746e-05
1 2 6000 0.000182472391895
2 0 18000 0.000328601799286
6 2 6000 0.000196130235676
7 6 1412000 0.000158118900364
4 6 36000 4.86744260586e-05
0 3 7000 5.25708731103e-06
1 6 981000 5.17538844025e-05
2 4 2472000 0.000405521355676
6 5 15435000 1.29422865751e-05
0 3 6172000 0.000129909325671
4 7 47000 7.19647551106e-07
2 4 1214000 0.000438394071617
0 6 513000 0.000185616535559
7 4 5572000 0.000120724872634
0 6 86000 0.000652905775616
7 1 17000 5.58838153508e-05
2 6 59000 0.000252250352649
3 4 2820000 0.000116058086849
4 0 95000 0.00018402348868
7 5 6000 1.86392492514e-05
4 0 867000 7.74495137954e-05
6 0 32000 1.03731512882e-05
2 3 3681000 1.96509891361e-05
2 4 14000 0.000210434132285
3 2 34000 0.000234449603374
1 4 6052000 2.05379726164e-05
4 2 6000 9.88340369685e-05
4 3 77000 8.73305939977e-05
3 1 15319000 5.94459840457e-05
0 5 813000 0.000420467582453
2 7 4693000 0.000322171426685
0 5 2288000 1.76869678441e-05
6 0 126000 0.000324457147569
3 2 6250000 0.000320475292466
6 5 114000 6.93965272542e-05
4 3 6000 1.03711299377e-05
2 3 6000 5.14599288386e-05
6 5 779000 0.000209747711191
2 6 19000 0.000132362040132
3 0 219000 7.93823854099e-05
3 1 686000 5.49512761627e-06
1 3 6000 1.84750077648e-05
1 5 393000 0.000610255255913
0 5 310000 0.00118491457533
1 0 5229000 0.000136382061699
2 5 551000 1.90113621805e-05
2 1 6000 0.000229770136902
3 7 10000 0.00044798745833
5 0 6000 0.000124767746533
1 4 51000 9.12973654312e-05
2 0 1300000 0.000408302804836
1 7 50000 0.000323214563125
5 1 11000 6.23068471626e-05
2 1 6000 0.000106660761765
6 7 312000 0.000233900263071
2 4 2116000 2.93658433619e-05
7 6 2976000 0.000207828970958
5 2 30000 0.00063371185509
2 7 6000 0.000935030653876
6 7 587000 0.000260278642333
5 3 418000 0.000185421291713
2 0 1065000 1.52820443222e-05
2 5 46000 0.000444220786766
2 7 40000 9.24088336496e-06
7 2 1299000 7.93862073951e-05
3 7 3409000 7.66288864784e-06
4 6 5741000 0.000309217439263
3 0 2800000 9.80130865531e-05
2 4 6000 3.18900561669e-05
4 1 168000 3.94401664576e-05
2 0 4448000 0.000247495863205
3 4 14000 0.000436257224743
0 5 3275000 0.0001406500723
4 0 44000 0.000110843306229
4 2 6000 5.89753351545e-05
6 7 3496000 0.000330977897905
7 6 6000 9.91945363913e-05
6 3 52000 0.000112136821854
6 7 42000 0.000106595514958
2 7 18000 0.000117610866929
1 6 660000 2.71716146198e-05
2 4 29000 0.000102608610617
7 4 14000 0.000164670794308
1 6 52000 0.000179557235361
6 5 13000 0.000421545880583
2 0 5982000 8.48390370423e-06
7 2 241000 4.59261931576e-05
5 3 31000 0.000446496691281
5 0 48000 3.47460056234e-05
1 0 1356000 8.8180106578e-05
3 7 16000 0.000106271029494
3 5 5057000 8.54419378182e-05
1 7 460000 6.48424496834e-05
6 7 185000 7.35051690859e-05
3 2 843000 0.000262612121388
5 1 45000 0.000318583981244
3 6 16000 0.000469170967103
7 4 5640000 0.000190430410608
4 1 511000 0.000269956328137
1 0 32000 1.4513491631e-05
7 6 16000 0.000150351852443
5 1 16000 0.000423503121949
2 6 1227000 0.000214711801625
7 5 6000 0.000299870235174
6 0 39000 9.85509872107e-05
0 6 8000 0.000187860704785
4 2 6000 4.73630429121e-06
5 1 1128000 8.95629820177e-05
0 7 1285000 0.0001231110293
3 6 341000 0.000367029882344
7 0 47000 0.000145715066128
6 5 6000 0.000218309300045
2 0 2470000 0.000656924610033
6 4 6000 0.000274930052417
0 7 215000 5.38303657278e-05
4 3 52000 1.97550625924e-06
6 2 6000 0.000226963595138
6 4 55000 0.000246504960718
5 2 1009000 3.58878665985e-05
5 1 1317000 1.93962014097e-05
7 6 39000 5.94028620067e-05
6 1 14000 0.000172534823118
1 7 1124000 8.2894060105e-06
6 4 457000 5.46386126121e-05
3 0 9000 4.76154217572e-05
5 6 4482000 0.000160124591757
0 2 6000 2.93716286826e-06
3 0 24000 1.85169798617e-05
6 2 44000 0.000191672253253
6 1 50000 1.75481957581e-05
3 2 106000 0.000202282070416
3 2 34000 0.000179584413225
4 3 22000 4.22617043037e-05
4 2 33000 0.000235227796159
1 3 6000 0.000154552432154
2 5 49000 0.00015164946853
3 4 6000 5.23598983282e-05
7 2 6000 4.1417844648e-05
7 2 125000 0.000144285753654
5 3 105000 0.000127082886338
2 5 29000 0.000145656351133
4 3 2552000 1.36482408213e-05
4 5 3313000 8.98481472333e-06
3 0 6000 4.79515488765e-05
1 4 305000 5.53041482279e-05
4 3 2002000 1.61553337323e-05
5 3 28000 0.000139590520631
2 5 35000 9.6311126591e-05
7 2 176000 0.000107725240264
0 5 49000 8.71834871263e-05
2 7 1590000 2.55970150314e-05
2 5 733000 0.000400263867671
2 7 5325000 0.0001760501856
2 6 1240000 0.000138001465922
1 5 102000 0.000152074289933
7 5 1269000 0.000333515064802
1 2 3851000 4.75359431713e-05
4 0 7000 0.000181141261153
5 1 50000 0.000100768941776
3 6 1114000 6.13606019511e-05
0 3 337000 0.000232934343278
6 0 6000 3.11985347858e-05
7 6 67000 0.000158477106335
1 7 840000 8.54869900024e-06
5 2 30000 2.36854585809e-05
2 3 6000 9.30436296631e-06
6 4 37000 6.44335724771e-05
1 5 29000 0.000114407105162
2 0 6000 1.05241336432e-05
5 0 47000 0.000317390727351
3 7 29000 0.000155722660851
3 2 37000 0.000249942776869
4 0 6000 0.000144430702428
0 2 22000 0.000138493192594
7 0 3188000 6.12639232103e-05
3 7 6000 7.96498745379e-05
5 4 525000 0.000128479030568
4 1 13000 2.74798511262e-05
4 7 11000 2.35195980722e-05
4 5 6000 4.6165139586e-05
0 5 18363000 0.000468364611655
1 4 357000 0.000129509435211
2 1 1075000 0.000174155220794
3 1 10600000 1.83654192158e-05
6 0 26000 1.81828432091e-05
7 4 50000 0.000103133618898
0 1 75000 0.000109419266993
2 3 6190000 0.000309666178055
3 0 19086000 0.000325050634015
7 0 6000 0.000236889228855
0 4 176000 0.000350020979599
3 0 6000 0.000104753062506
1 7 16000 0.000596826691386
4 2 531000 4.0876320931e-05
2 6 111000 0.000146583849511
0 2 6000 4.44662561279e-05
2 0 13000 0.000254975171824
2 1 14596000 0.000390832647668
2 0 2076000 1.93583908668e-05
4 7 6000 6.76589951665e-06
7 4 857000 0.000130949562283
2 7 38000 0.000107214347772
0 2 1181000 4.53439107326e-05
0 5 18000 7.44751692505e-05
3 7 51000 2.0887126944e-05
3 1 853000 2.26834435886e-05
5 6 128000 0.000206469576192
0 5 4053000 1.40809406024e-06
2 5 364000 0.000349257799481
1 3 3014000 9.35744050494e-05
6 7 23000 0.000233828669066
2 3 26000 8.80525090747e-05
2 4 2940000 0.000122977451097
6 3 74000 0.000100119815157
5 6 245000 1.96102745682e-05
7 6 109000 0.000323065428397
2 5 7000 0.000103213708067
2 3 25000 0.000786390898319
1 5 6000 0.000334035639087
6 0 6000 7.15630476655e-07
7 4 21000 0.000110163364889
3 5 17000 0.00013583303192
3 1 36000 0.000247913711784
3 4 31000 0.000116070587257
3 5 4566000 0.000351414796515
5 7 20000 0.000282891711325
0 2 42000 1.32579578862e-05
1 3 5061000 0.00036295874164
0 4 21000 8.87807142069e-05
2 5 44000 0.000152682829064
3 6 15000 5.47690539101e-05
1 5 38000 0.000181692771292
3 5 40000 1.26329642991e-05
2 3 6000 6.18073999692e-05
0 1 6000 7.38511276264e-05
3 4 51000 7.98838048854e-05
3 1 4644000 0.000120881042582
5 1 6000 0.000271354737556
2 1 506000 1.47122881629e-05
7 4 6000 0.000121429812727
0 2 48000 0.000156068279426
7 6 34000 0.000171612841955
3 1 4961000 0.000392456185843
7 4 1365000 0.000336638843874
2 0 1226000 0.00011094228002
7 0 26000 6.47010779224e-05
7 5 38000 0.000478635957166
5 2 49000 0.000144434447362
3 6 32000 8.68336807995e-05
6 1 30000 0.000130177544353
1 7 10000 2.88318148778e-06
7 5 3037000 3.25865752628e-05
7 1 31000 0.000231564011238
7 0 49000 8.23122379967e-05
6 7 6000 2.6823231241e-05
5 3 29000 0.000222169509373
3 5 1439000 6.3452018046e-05
4 6 20000 0.000244908637161
7 5 35000 0.00010128433737
2 5 14000 0.000422744205004
6 1 18000 0.000553202066962
6 5 6000 0.000111938552071
3 2 955000 0.000105561754708
3 2 52000 0.000325639104644
7 3 8595000 4.30258096296e-05
2 0 167000 0.000267637075807
5 7 5298000 0.000208765895887
4 6 63000 2.38743694632e-05
1 4 24000 1.7229701522e-05
2 3 606000 8.96529301446e-05
5 1 33000 9.09096782022e-05
0 6 8000 9.27846427001e-06
1 7 28000 6.48392207105e-05
3 4 6000 9.90777781265e-05
2 0 25000 0.000323752735131
4 5 6000 0.000406260331592
1 3 2244000 0.000140246715543
0 3 40000 0.000161633693901
1 7 84000 0.000311998092991
4 5 29000 8.14601223562e-05
7 0 6000 0.00026768630016
6 4 5499000 3.73348059379e-05
7 5 701000 9.07841099613e-05
3 2 6000 0.000366649600202
0 6 6067000 7.26620467459e-05
5 7 963000 4.57659838455e-05
1 4 10000 9.2316311078e-05
3 0 49000 0.000160268309671
6 7 35000 0.000221714390649
4 2 6000 0.000207135814658
0 6 39000 0.000316199504242
6 2 881000 0.000244916555486
3 2 32000 0.000107936433779
5 1 2148000 0.00025403837589
2 4 23000 0.000340497745193
1 0 42000 3.63586401446e-05
7 3 6000 0.000312192587895
4 7 5876000 0.000143102157447
5 0 593000 0.000242375194402
0 4 6000 0.000125955333785
7 0 836000 0.000206071801857
2 4 1786000 0.000149438356209
6 5 2946000 0.000162174605672
6 3 6000 0.000210066239829
6 2 1086000 3.49717181958e-05
6 2 6000 0.000296122434174
6 7 27000 0.000619352507104
4 1 384000 9.47647566885e-06
5 2 36000 8.01449076202e-05
6 5 20000 0.000138655349337
1 5 226000 0.000213432039292
6 3 135000 2.4392734143e-05
6 2 1029000 8.25772278525e-05
3 1 6000 9.11838689226e-05
4 3 1335000 0.000113465377319
5 6 6000 0.000113066960924
0 2 123000 4.46125194073e-05
3 7 664000 0.000192685802599
2 4 31000 0.000155368161003
7 5 44000 2.1698941183e-05
7 5 2326000 0.000236903895974
3 2 19000 8.59913882914e-05
0 5 2303000 6.0302549721e-05
6 5 1533000 8.5932013671e-05
0 2 521000 0.000124663007901
1 2 2004000 0.000216682635701
4 7 13000 2.85754141927e-05
4 2 1065000 0.000168930667251
1 6 49000 8.12781526101e-05
4 1 8193000 0.000164779433089
2 1 85000 0.000363813179288
3 0 15000 0.000426334226402
3 0 6000 0.000119898255686
7 0 2000000 9.67298269874e-05
5 1 35000 0.000105574149285
6 4 38000 0.000292269933681
0 6 39000 2.86520352319e-05
7 4 16000 0.000158150135598
3 0 2029000 0.000263180510306
0 1 1339000 6.29212543728e-05
3 2 28000 9.59325554672e-05
3 6 28000 0.000325033123141
5 2 1220000 4.75244801095e-05
3 4 6000 7.38026759395e-05
6 5 19347000 3.45402378024e-05
3 6 25000 3.00993359437e-06
7 5 850000 7.57857846123e-05
0 3 14000 2.53814746736e-05
2 1 33000 6.83749462453e-05
5 1 52000 3.41367945009e-05
6 1 1811000 0.000128224779104
4 2 699000 2.02407019738e-05
2 4 65000 0.000121763209144
2 3 52000 6.69429608673e-05
1 2 17000 9.5199677661e-06
4 7 7000 0.000284162236577
7 1 2983000 9.0905087186e-05
1 5 3065000 0.000358574223549
6 2 16000 4.71134492188e-05
3 0 6000 1.56789935524e-05
5 3 52000 0.000106630797457
3 0 37000 6.00669942918e-06
1 2 518000 3.92790938641e-05
7 1 6000 0.00013436616858
0 4 8000 8.36404861546e-05
3 5 1305000 0.00012564880538
4 2 14000 0.00033310031796
5 7 34000 0.000272022252614
1 5 102000 6.54924068548e-05
3 0 87000 8.80008274766e-05
3 7 23000 6.6833891712e-06
1 5 3058000 7.50695581628e-05
7 2 123000 0.000303675505833
3 7 81000 0.00038044863827
0 4 6211000 0.000315419185184
5 3 21000 0.000311150952288
1 5 108000 7.26865109792e-05
1 0 4650000 7.80503401021e-06
3 2 296000 0.000193608935926
4 7 6000 0.000237370487972
5 0 488000 7.18743344834e-05
0 4 6000 2.05873238541e-05
4 0 8290000 0.000214311020041
5 7 6000 3.57133005613e-06
3 5 21000 0.000140081944411
2 1 4981000 6.68455290447e-05
7 2 6176000 0.000212139862524
5 3 6000 0.000131963419457
0 1 905000 0.000158235666109
7 6 78000 1.63183997248e-05
2 4 2182000 0.000209680860555
3 7 6000 0.000617179607395
1 2 1272000 6.71982627698e-06
0 3 6000 5.7781903946e-05
7 0 118000 0.000204552852516
3 5 92000 3.50320166098e-06
6 4 1576000 3.74313733349e-05
7 1 6000 0.000320749659203
2 6 45000 0.000139127244888
3 4 511000 2.55627371577e-05
4 5 6000 0.000116383970131
6 0 9000 0.000193071477273
7 0 42000 5.75911462475e-05
5 6 1820000 1.12554874954e-05
0 6 42000 0.000324178247219
5 7 2637000 7.29269520305e-06
0 3 47000 6.80143892386e-05
3 1 40000 1.90181426551e-05
5 7 775000 0.000101924911631
6 2 19000 0.000191571352603
6 1 945000 8.61186243493e-05
2 6 53000 7.45372999371e-05
1 2 18000 0.00014846049106
5 1 672000 0.000114802717171
3 0 31000 0.000493029629663
6 2 106000 3.11656176193e-05
6 5 13000 0.000128780304925
7 4 840000 3.53180656774e-05
0 2 2131000 2.79436342288e-05
0 3 769000 4.71548478578e-05
5 7 6000 6.18146385198e-05
2 6 494000 0.000171751297805
3 4 16000 1.54749405592e-05
6 5 34000 2.76806298816e-06
4 6 12000 0.000198340257649
7 2 10000 0.000234793225143
1 7 15000 0.00044409411398
0 2 41000 0.000152852674036
2 4 16000 4.40312208072e-06
6 0 22000 0.00030145690831
6 7 2733000 3.22731608478e-05
1 5 614000 3.10636365097e-05
5 1 1066000 0.000100160866996
1 4 6000 0.000725970872733
4 0 676000 8.37283279376e-06
1 6 2854000 0.000345653964295
1 7 52000 0.000128699768981
6 7 20000 0.000688005915894
7 4 6319000 4.36582503265e-05
3 5 636000 0.000154722837818
2 3 17000 8.0314746318e-06
5 7 32000 2.37243250563e-05
4 0 10000 9.16784929594e-05
4 2 1632000 9.25401664009e-06
6 3 1198000 0.000211720085623
6 2 1222000 0.000141591049221
5 7 19000 7.36669708576e-05
5 2 6000 2.30768909164e-05
3 4 6000 4.13035903257e-06
7 3 39000 0.000297559446215
6 7 6000 4.94472835597e-05
5 3 1299000 3.9450274306e-05
0 7 6000 6.37625503588e-05
7 6 9000 0.000274199316797
3 5 45000 9.27842403509e-06
7 4 2129000 6.69874872516e-05
0 7 3003000 2.57510105861e-06
4 3 6014000 0.000117336213046
2 0 778000 2.31558586021e-05
0 3 367000 0.000122892823867
3 7 110000 0.000130706217629
4 3 23000 0.000109606267006
4 0 113000 0.000119396603075
7 6 6000 0.000225540604648
5 7 47000 0.000162077650856
5 3 163000 0.000272204576337
4 0 7922000 0.000181641792821
5 3 22000 3.00005586684e-05
7 3 6000 0.000691124772266
5 0 21000 0.000474283592485
4 7 6000 0.000214277309369
3 1 889000 6.37905417751e-05
7 3 1742000 9.82779136594e-05
2 6 20000 0.000159540060872
7 6 1562000 1.71341784931e-05
5 2 30000 4.12437465933e-05
3 1 2646000 4.16955792493e-05
6 5 6000 0.00030195310882
3 7 14000 0.000199746054481
7 6 3302000 1.52590756095e-05
0 6 41000 0.000278307526474
3 5 37000 5.65946705882e-05
6 3 72000 0.000346580045514
7 6 43000 0.000187695886248
4 0 9000 0.000150798870499
0 3 70000 2.75900461033e-05
4 3 6000 3.86568509121e-05
0 3 4507000 3.96949109631e-05
2 1 45000 0.000950618375516
6 0 26000 0.000173356243484
3 2 4555000 0.000202793438814
3 0 28000 0.000240579519499
2 4 6000 6.21671557615e-05
4 6 3357000 0.000292423999703
7 6 5838000 2.12029794371e-05
5 0 18000 0.000104605917094
1 5 46000 0.000150623840921
0 7 132000 0.000105890792175
2 4 2920000 0.000117127146308
6 2 52000 5.35032427498e-05
2 6 1027000 0.000246584685008
0 4 47000 1.89635935968e-05
1 6 14000 1.65823419194e-05
6 2 42000 4.5025592319e-05
7 4 31000 2.9402726573e-05
3 2 6288000 0.000142224264308
5 7 843000 0.00013558561409
0 6 2414000 0.000128646309107
5 2 1288000 6.49997095177e-05
0 3 90000 0.000483603597786
6 2 34000 0.000151282723445
2 4 10804000 7.47122041975e-05
1 5 6000 9.98375246535e-05
6 7 7000 0.000119041505748
3 6 48000 1.06552962564e-05
2 4 18000 3.66273716867e-06
1 2 105000 9.2788102517e-06
7 6 13000 0.00022050756857
5 2 19519000 2.6452047825e-05
3 1 466000 0.000255859457216
7 4 495000 6.74951357582e-06
6 1 79000 0.000251223595195
6 2 6000 0.000141171607613
7 5 51000 0.000107347070971
2 7 21000 0.000156850109717
3 5 7000 0.00028712373773
0 7 22000 0.000607692619768
6 3 45000 3.49999367535e-05
4 7 6000 0.000159683463927
0 7 32000 6.92618149991e-05
4 0 34000 0.000670880461026
6 0 17000 0.000217144706094
0 7 19000 7.4588235887e-05
2 3 14000 0.000211442036615
4 2 19000 8.0162474263e-05
4 6 911000 7.38700708329e-05
5 2 1629000 0.000188541081328
6 2 4399000 0.00024664256599
4 5 74000 4.15908019493e-05
6 3 52000 0.000162786715157
7 3 3246000 7.40459149731e-05
7 5 83000 0.000186094418655
5 3 44000 0.00021891204836
5 6 28000 0.000114749990119
1 3 5888000 8.06484034115e-05
7 0 75000 0.00023011198203
0 2 1905000 0.000289184155482
7 0 1128000 5.28560491597e-05
3 0 6000 0.000197604584894
1 4 9000 0.000424103724339
1 7 17000 0.000114185490816
4 3 19000 0.000221773640694
0 6 6000 7.74252349802e-05
1 7 6000 0.000358701171184
1 3 10000 2.83391731484e-05
3 1 255000 9.8320283922e-05
3 1 47000 7.8545899866e-05
5 6 2091000 0.000118109340287
1 7 2380000 8.92450216938e-05
3 6 1337000 6.66211526283e-05
0 5 35000 2.65679163709e-05
3 1 19000 0.000229618200806
2 3 2047000 0.000536690684424
6 4 569000 9.87525373033e-05
3 4 913000 0.000270012293156
1 7 6000 2.6949207127e-05
6 1 3204000 1.80483763845e-06
1 5 4449000 0.000276235059742
3 6 16223000 2.50585687616e-05
3 5 6000 0.000219865244505
7 5 42000 0.000124152682528
3 7 36000 3.65061766903e-05
5 3 6000 0.000225289707409
2 3 14000 0.000301117610246
1 7 5136000 0.000123558860322
5 4 2968000 0.000110891239837
0 4 6000 0.000168552589644
0 1 224000 0.000111573813769
3 6 6000 0.000253974516701
6 0 938000 0.000332664150011
1 4 6000 0.000125809975092
6 3 45000 3.02160445063e-05
2 3 159000 7.07381581171e-05
1 6 16000 0.000118716029906
4 2 530000 2.82658361357e-05
7 2 6000 0.000284339799681
7 1 6000 4.1488394108e-05
2 4 13525000 0.000131998710682
0 5 878000 8.56602685659e-05
1 2 6000 2.37104520575e-05
0 5 6000 5.96838213336e-05
7 3 48000 0.000208586856189
0 1 212000 8.13357790979e-05
6 1 33000 0.000274538410788
4 6 6000 1.57544310708e-07
1 7 39000 2.86261699072e-05
2 7 749000 0.000391457548527
4 7 14000 0.000210748993931
7 5 14000 0.000169794917447
3 0 706000 5.47996160125e-05
7 6 669000 0.000398288181711
0 1 825000 0.000376570377273
0 7 6000 0.000172898819524
7 3 30000 0.000220635912976
5 6 3305000 0.000402453820986
7 3 148000 0.000183946886776
3 6 18000 2.80645765749e-05
7 0 608000 0.000425646794152
0 6 2887000 1.62057296624e-05
2 3 1669000 0.000156385370132
0 1 54000 1.48532668363e-05
5 7 5457000 0.000139139108375
0 5 18000 0.000148086784818
0 1 6000 5.68445372748e-05
2 4 385000 0.000126439169918
2 4 6000 7.79939595945e-05
4 1 996000 0.000114498183081
6 5 1276000 3.5192175166e-05
5 1 35000 0.00014897897609
2 4 2956000 1.4328732576e-06
7 3 2554000 0.000196315128077
2 1 26000 0.000144214122767
1 2 4455000 0.000156905483026
6 0 30000 0.00054527359847
4 0 516000 0.000579160868427
0 1 1166000 5.99574566267e-05
0 2 6000 4.78163355184e-05
6 7 16000 0.000333338549697
2 6 76000 8.18747046196e-05
7 5 43000 2.57464181037e-05
7 6 15000 0.000339250453116
7 6 6000 4.24387654177e-05
6 0 2821000 0.000449581118222
1 5 611000 3.56330605384e-05
5 2 44000 1.64026741063e-05
1 2 1173000 8.50366773724e-05
3 7 14000 8.3492505758e-05
7 4 34000 0.000127343379984
7 5 6000 0.00028042280859
6 4 1859000 0.000216842449379
6 0 42000 0.000454265606061
3 6 19184000 0.000177993733483
2 4 43000 1.58600435243e-05
2 0 6000 1.78482255744e-05
0 6 36000 2.23809586912e-05
2 4 2125000 0.000157829107321
1 5 6000 0.000228542458162
4 3 1322000 6.91186007526e-05
2 3 37000 4.16676458959e-06
5 1 1016000 5.45244888162e-05
3 6 1359000 0.00020386409842
3 0 32000 8.37986614675e-05
1 0 1318000 4.92675439512e-06
3 4 5131000 2.41324205807e-05
3 2 39000 0.000131187937186
1 4 1431000 0.000433014127149
1 6 31000 6.14271143733e-05
4 0 11000 8.44710200765e-06
7 2 10000 0.000117500803118
2 3 13000 0.000127526591553
0 4 918000 0.000248432395385
1 5 50000 0.000143381849114
3 4 128000 5.51976033909e-05
3 2 189000 2.32607068673e-06
1 6 40000 7.52350540993e-05
1 7 775000 8.46362797735e-06
1 0 32000 4.44687126404e-05
7 3 6282000 1.57318785887e-06
7 3 6000 0.000201468858714
1 5 346000 4.52638860238e-05
0 1 6000 0.000249894085053
7 0 363000 0.000153822839857
0 4 13000 1.2815520301e-05
6 0 6000 4.02250294855e-05
4 7 5923000 0.000171975307045
5 7 29000 6.70936303004e-06
6 7 135000 3.20667897569e-05
0 1 19000 0.000201965542395
0 3 97000 0.000143843196732
2 0 13915000 0.000371865474081
7 6 113000 0.000320600010629
7 4 41000 0.000180830039047
0 6 6000 0.000322800647351
0 7 3111000 9.54118190586e-05
2 6 624000 0.000231801660524
2 7 4992000 0.000436474962344
0 6 787000 5.26157411129e-05
2 5 17000 6.58300679948e-05
1 4 421000 4.62282206632e-05
6 3 53000 0.00036673098106
4 0 30000 0.000136918863983
7 6 5967000 6.79958394836e-05
7 5 13421000 0.000463675827467
7 2 6000 0.000272475523734
0 5 2636000 3.16513821683e-05
1 7 6000 0.000256844203864
6 0 1953000 8.6003181428e-05
7 5 27000 0.000138522571466
4 7 18000 0.000944251879811
3 0 6000 7.38273082073e-05
7 4 245000 0.000238654633427
4 6 30000 3.88842676073e-05
4 2 550000 6.09134505958e-05
2 5 13000 0.000126830866696
3 7 41000 4.23863849515e-05
3 5 3145000 3.59893729895e-05
5 7 17000 0.000278759837033
5 1 55000 6.931456241e-05
4 0 6000 9.6312740486e-05
6 0 1802000 0.000134850937185
4 2 46000 0.000120797486366
4 7 86000 2.44094020485e-06
2 4 20000 0.000119655162727
3 2 2437000 7.29036590892e-05
2 6 128000 7.43318049483e-05
6 5 26000 0.000300582125713
2 6 1896000 0.000194381622505
6 4 601000 0.000118119615827
0 1 2118000 1.62281118463e-05
5 1 654000 7.28081594057e-05
3 2 6000 0.000115092236186
1 7 31000 0.000167014662937
0 4 784000 0.000254806512755
0 1 176000 0.000136984768276
3 6 6000 4.28951781801e-05
0 2 31000 3.08302862551e-05
2 7 28000 5.31646380677e-05
1 6 6441000 0.000113350568163
5 7 10000 4.73969758212e-05
3 1 6000 7.87457965366e-05
3 7 503000 0.000481502251871
0 4 1080000 0.000193329027502
7 3 6000 0.000161859095816
7 5 3489000 9.5057633253e-05
1 2 1718000 0.000168508599285
7 3 6000 0.000201137794275
0 1 634000 2.23390796206e-05
5 2 6000 0.000131136741139
7 2 5203000 0.00013175870538
5 3 45000 1.52503188475e-05
6 2 592000 6.32162415866e-05
0 1 24000 0.000225279511128
1 5 3089000 8.32129904444e-05
5 4 6000 3.93602127509e-05
6 5 21000 0.000474907455048
5 2 36000 8.34358778645e-06
7 4 91000 0.000217478335762
0 5 46000 9.18452025789e-06
2 5 308000 0.000258899933874
2 4 1168000 1.29960915012e-05
2 5 53000 0.000145502635753
6 5 44000 9.13760653753e-05
5 0 6000 0.000183538498196
1 3 19000 0.000248279393711
3 6 23000 5.47374404107e-05
0 3 28000 0.000264919973247
2 1 1119000 4.7358684935e-05
4 2 6000 0.000119326237136
4 2 495000 4.54692080836e-05
4 0 28000 1.723832236e-05
2 6 6000 8.16467047586e-05
0 6 6000 0.000212767861187
7 1 44000 0.000328841010769
0 7 14000 0.000246751347349
1 5 37000 0.000381104590897
3 5 464000 2.77905331614e-05
7 2 208000 0.000238758715311
7 0 19000 0.000172636594808
5 0 559000 0.000221377631895
0 4 25000 3.58657546418e-06
0 4 6000 0.000155807292364
4 5 30000 7.31728051908e-05
4 3 33000 7.4566278816e-06
0 3 5408000 0.000273511276436
2 4 19000 0.000234186208567
2 7 97000 3.75149189871e-05
7 4 521000 0.000110579301303
5 7 470000 0.000173788701705
2 4 6000 4.74841339528e-05
6 2 13000 0.000234830919726
7 4 679000 4.32637525092e-05
1 3 1008000 0.00011486105577
5 3 6000 0.000238101234629
2 5 50000 0.00020412605918
0 5 25000 0.000413029168983
6 0 103000 0.000513976543572
2 3 36000 0.00016936390928
5 1 1261000 0.000328117537262
4 0 121000 9.28265157754e-05
0 3 557000 1.93449051666e-06
2 6 52000 5.99507553325e-05
0 1 989000 1.69085901383e-05
4 7 15000 0.000596628527861
4 1 17000 0.000149018398506
2 7 6000 8.41304011567e-07
2 1 6000 6.53864096738e-05
5 2 6000 8.42241715833e-05
3 5 5914000 5.93454785482e-05
7 4 6000 0.000392791379466
0 6 16000 6.19081092046e-05
1 7 56000 0.000131448850186
1 3 38000 9.65852927572e-05
3 4 48000 5.67929189697e-05
5 7 6000 2.05973486462e-05
7 0 15000 8.75566347132e-05
6 7 47000 8.3540332394e-05
4 0 3284000 0.000104051805743
5 7 6000 0.000767652719273
4 5 6000 0.000263743501472
5 4 1663000 9.1076354539e-05
5 4 2617000 4.05513473161e-05
1 7 5606000 6.31522723893e-05
6 0 50000 0.000949282584846
7 5 18842000 0.000336471952747
1 7 30000 0.000373543767255
2 6 41000 0.000347060744893
4 7 14000 5.61550978837e-05
6 5 6000 0.000207751116323
7 3 6014000 9.8407608065e-05
7 6 6000 4.13682652329e-05
2 6 1116000 4.66808879795e-05
4 2 11000 8.37808788456e-06
6 3 4268000 0.000313486769196
0 4 56000 5.02530239566e-05
4 1 21000 0.000120450145037
0 2 301000 0.000119182392682
7 5 283000 2.49807206325e-05
6 3 351000 5.23906721459e-05
5 6 376000 5.29368542823e-06
5 2 2983000 0.00041208246197
3 5 974000 5.28592878535e-05
0 1 159000 0.000194640493932
0 7 1242000 9.82804605183e-05
3 7 5918000 0.000140983589207
1 0 33000 9.42152395049e-05
5 7 278000 0.000174689789703
0 3 6000 8.78752495197e-05
7 2 789000 1.48285642894e-05
6 4 1686000 7.6816276251e-06
0 5 11000 6.21647239269e-05
4 3 6000 9.46023167743e-05
5 3 347000 9.38398992192e-05
0 4 1079000 0.000122207710221
3 6 6000 0.00012769827405
0 2 17000 5.14862298158e-05
2 6 41000 6.17797172371e-05
3 2 6226000 0.000526350050925
6 2 20000 0.000127924994759
7 5 22000 9.08572617948e-05
0 3 302000 0.000109556577419
0 1 2654000 0.000147069001321
3 2 26000 1.30631257913e-05
6 7 34000 0.000173216579972
2 5 6000 0.00015968455537
4 0 43000 1.54752023209e-05
2 4 6000 0.000340156785947
3 4 6000 0.00011024981805
1 2 50000 6.85081058907e-05
6 5 4801000 0.000633506054827
4 6 873000 9.25128884433e-05
1 6 610000 0.000611023777539
7 4 6000 0.00018346987246
1 5 31000 4.91637117237e-05
5 4 188000 9.86280528736e-06
6 0 51000 0.00012509816461
2 4 229000 0.000114156826684
6 1 39000 0.000171954543727
1 4 6000 1.54070640281e-05
7 1 4829000 4.54912565122e-05
2 3 6000 0.00012097977857
1 3 14000 2.09361142596e-05
0 1 2717000 0.000395775872908
6 4 16000 9.24545855407e-06
5 6 6000 0.000102081631737
5 2 1158000 0.000101994887799
5 2 2492000 3.60920679927e-05
5 4 15000 0.000150099239174
2 5 37000 5.99489185591e-05
5 1 1024000 1.98069765374e-05
5 1 6000 0.000287177635501
1 4 6000 0.000183417906688
0 3 21000 4.87512698557e-05
2 4 15000 6.02850600708e-05
5 2 2630000 9.23303796794e-05
1 5 2064000 7.15517763445e-05
1 2 51000 3.29809389117e-05
0 1 31000 3.16508906211e-05
0 5 9697000 2.35505242943e-05
2 5 6000 0.000539925658636
0 4 6000 0.000103720059036
1 2 1028000 0.00133825798422
3 2 6000 0.000155304993207
4 5 2380000 4.91144533477e-05
1 6 15958000 5.54769497976e-05
6 1 14562000 0.000192013319126
7 5 30000 3.46094307879e-05
4 1 24000 9.240251973e-05
3 1 18000 0.000479017087647
0 2 6000 0.000147228969326
7 5 6652000 0.000153211477406
3 6 25000 0.000183559373091
5 1 1524000 0.000237348813747
5 7 38000 6.63978737392e-06
6 7 16000 3.12064029129e-06
3 5 5861000 6.66129599554e-05
4 2 6000 0.000224779689458
6 5 53000 2.59424513163e-05
5 1 15918000 0.000136682024356
5 3 17641000 0.000148533705409
1 3 110000 2.59005707257e-05
4 5 1747000 9.77761829872e-05
2 7 10000 4.97509474706e-06
5 0 29000 2.34143821933e-05
3 0 1151000 0.000148089371178
3 1 13000 7.26381693594e-05
0 1 19301000 0.000179060651261
0 3 35000 0.00014944880532
7 2 37000 4.4552336586e-05
5 7 115000 0.000199811501835
6 2 46000 7.43424791543e-05
1 6 1998000 0.000349487135768
6 1 833000 0.000493189322815
5 7 1377000 6.74819392605e-05
6 2 21000 6.41153829737e-05
6 7 6000 0.000320595284014
4 3 4856000 0.000414561970748
5 3 93000 7.93822268914e-05
5 4 1226000 0.000163491934343
7 3 43000 1.75730901617e-05
5 2 3148000 0.000157134914373
7 1 37000 4.13004947735e-05
0 7 8000 2.49029314059e-07
3 5 46000 0.0001491492504
7 4 44000 0.000307076965791
5 4 1020000 6.6300518996e-05
2 6 622000 1.3912970581e-05
7 6 6000 5.52782169538e-05
5 1 12000 0.000233541356036
5 6 26000 0.000269737365948
1 5 1963000 3.22041300529e-05
0 3 1907000 5.33373251035e-05
4 6 13000 5.46469459546e-05
6 4 6000 3.19816775152e-05
6 0 1166000 0.000164500731436
7 5 18928000 0.000151049140784
1 2 1163000 0.000154274456244
1 6 6000 2.24399620201e-05
7 3 530000 3.34086562241e-05
1 3 2384000 3.92323566918e-05
5 2 516000 0.000238084723853
4 2 5371000 7.78560909871e-05
0 1 66000 0.000119816252878
2 1 6000 0.000275136673657
3 1 17000 3.26838152671e-05
3 2 40000 7.82882528003e-05
0 6 44000 0.000151656213925
0 1 6000 0.000320441091198
3 1 15587000 3.54127662334e-05
6 7 100000 0.000601834178943
2 6 19000 4.96755673767e-05
5 3 5174000 4.83127586035e-05
2 1 51000 0.00012678801179
2 7 6000 3.10316623544e-05
3 2 1124000 5.85938912778e-05
1 0 100000 0.000203769727763
1 7 22000 0.000139206728478
7 3 18000 0.000208000839694
2 3 11000 3.1751355843e-05
4 7 105000 0.000243539990406
2 3 442000 0.000420638591952
0 3 9000 0.000127395899216
3 7 630000 5.63096553363e-05
5 1 6000 1.57999109818e-05
0 4 192000 2.42290417491e-05
4 2 119000 0.000271146527439
7 3 20000 0.000173634099432
3 5 297000 0.000142125161969
1 6 19000 0.000256533159022
6 0 17000 8.7039459935e-05
4 6 18000 0.0002558669891
5 4 14000 0.000114459493564
3 7 5954000 0.000348006711721
2 6 40000 0.000256975432888
3 1 32000 0.000124084923783
4 5 6000 6.89827386882e-05
0 1 20000 4.09807665138e-05
1 2 1122000 1.11229000408e-05
3 5 14000 2.33471708797e-05
0 4 675000 4.72561555149e-05
4 2 8757000 8.01822680558e-05
3 2 64000 1.61872931925e-06
5 7 160000 8.35683892015e-05
6 0 40000 0.000153354244873
0 6 295000 3.92963177509e-05
7 0 45000 6.68597768638e-06
6 4 14649000 6.96716294415e-05
6 0 2738000 5.57146642735e-05
1 2 679000 0.00013652500893
3 0 4273000 4.89401247523e-05
2 3 12574000 6.16898460404e-06
6 2 15000 0.000146941877465
5 4 6000 0.000601429393134
4 0 5036000 0.000143726082759
2 1 24000 0.000168464847874
3 5 15000 0.000126939404431
0 1 19000 0.000537216110108
2 3 387000 5.36195675456e-05
1 5 34000 0.000137173885963
6 0 49000 8.23475093981e-06
3 4 3119000 5.7071996165e-05
6 5 19000 5.99804540189e-05
7 3 6000 0.000250724150569
6 0 48000 0.000150085490913
2 3 6000 3.69638548048e-05
6 1 6000 0.000246059294722
0 3 16000 0.00016085099605
6 2 1161000 0.000156048895416
5 4 9000 0.000419170420599
2 7 87000 0.000106105082783
5 7 1163000 0.000547404289707
0 7 348000 8.23886460275e-05
1 2 19000 6.69813319389e-05
3 1 789000 5.22980985749e-05
5 3 36000 0.000257991714699
5 0 607000 9.27023158015e-06
0 6 9000 2.75838057804e-05
1 3 52000 7.75048558297e-05
6 2 855000 2.60056894463e-06
2 3 10000 2.56150846552e-05
5 2 33000 5.96225474792e-06
4 1 18000 0.000218686363803
1 0 50000 2.11732980842e-05
5 4 10000 0.000160245623187
1 2 12805000 8.61090426132e-05
0 6 6000 3.32424887077e-05
4 0 59000 5.3551700065e-05
3 0 24000 6.13874829678e-05
3 2 122000 0.000110074863523
1 6 6000 0.000297758753032
0 4 26000 2.44034342818e-05
7 1 128000 5.74630813628e-05
0 4 2622000 7.82387444673e-05
2 4 22000 0.000190954489637
5 3 45000 1.86428981717e-05
6 3 31000 0.000113401079708
5 1 32000 0.000289688737543
1 2 6000 6.60066334066e-05
0 4 3191000 6.12718549384e-05
7 0 1923000 9.17019545867e-05
3 4 38000 1.46110543384e-05
4 6 37000 5.64016641884e-05
4 5 6000 0.000439548451791
4 0 6000 3.23477462272e-05
4 0 23000 4.22854333135e-05
1 5 36000 0.000620127923404
4 5 5623000 6.20079958913e-06
4 7 10000 0.000231753447651
3 4 17000 8.044718272e-05
2 0 442000 2.18903779481e-06
6 0 27000 3.54969112324e-05
7 5 23000 5.58032879401e-05
0 4 17000 0.000172784632126
3 4 18000 1.2380252125e-05
0 3 82000 0.000486811749589
6 5 51000 0.000139596713708
3 7 6000 4.14945006444e-05
2 0 6000 8.28998838702e-05
3 7 1315000 3.71671930066e-05
6 2 17000 0.000123669606751
0 4 6000 0.000107009620189
2 3 5016000 0.000158530309143
7 1 2902000 0.000180719204388
0 2 6299000 4.78502334358e-05
5 0 22000 0.000160029294432
4 2 45000 0.000629013940321
3 6 550000 9.92249003811e-05
4 1 4233000 6.4567597444e-05
3 5 15000 9.69681377692e-05
6 2 371000 9.68401576757e-05
0 7 6096000 0.000170345768299
4 6 6000 9.35041862349e-05
1 3 29000 0.000217151277718
1 6 43000 0.000225204730687
7 5 52000 1.50233971565e-05
4 1 6000 4.57772131592e-05
0 5 5881000 0.000256281654321
3 2 6000 2.90328373911e-05
7 3 542000 0.000241696552918
3 4 629000 8.1687709385e-05
0 5 272000 0.000127759623974
7 1 17000 2.3656377069e-05
5 7 6000 0.000286568459972
7 6 236000 9.84987238821e-05
0 4 14000 3.33004721489e-05
1 4 1000000 0.0001121107183
4 1 204000 4.41209213504e-05
6 4 2858000 7.21547624838e-05
3 6 6000 0.000177769968167
6 3 1039000 0.000272881692766
1 0 6000 0.000133623264148
5 7 16000 5.64835824126e-05
2 3 2656000 3.76540436247e-05
0 2 12000 0.000100585460902
1 7 1812000 0.000242421076332
2 5 6000 0.000349225250262
1 2 413000 6.50898884857e-06
1 6 2895000 0.000149079911741
1 6 27000 4.89404387889e-05
7 4 2909000 3.55472901234e-05
7 4 51000 0.000230784074952
2 5 81000 9.26929443046e-06
7 0 6000 0.000298433058405
7 6 36000 7.51858414358e-05
1 3 417000 0.000195996502278
0 6 6000 4.52303130969e-05
3 1 13000 0.000323783877856
5 6 35000 0.000325973841737
5 1 9000 7.98477899724e-05
1 0 6000 0.000130453552165
1 4 4668000 4.46958089853e-05
1 3 6000 6.07609157621e-05
0 3 5923000 9.10083648482e-05
0 2 17000 0.000124015353527
2 1 20000 7.86736427649e-05
2 6 29000 1.83631259421e-05
6 3 45000 0.000120740764745
6 7 170000 2.41353622523e-05
3 4 47000 0.000191822588335
6 7 237000 0.000420961333135
1 4 17000 1.31528610376e-05
7 3 24000 0.000139572762758
6 2 127000 0.000520055123033
6 7 34000 0.00022292208487
7 2 2469000 0.000147519431047
7 0 86000 0.000365902803481
4 2 6000 0.000207285075958
6 3 92000 0.000428498709713
5 4 3034000 0.000393383609896
5 4 2273000 5.95854461545e-05
3 2 5350000 0.000600850135165
2 0 6000 0.000251454550573
0 7 44000 0.000219488432356
0 5 1262000 0.000143362395072
2 6 50000 0.000302744417938
3 5 20000 6.09267980534e-06
0 2 6000 7.13661457452e-05
2 6 19000 0.00014049703784
7 2 89000 2.40625938241e-06
4 2 1176000 3.95829339164e-05
6 4 73000 1.41286596089e-05
3 7 7000 0.000141463517438
7 4 20000 1.01315603083e-05
6 7 3088000 3.05286753304e-05
3 0 2058000 8.54299064299e-05
0 3 17000 0.000164684758933
7 0 47000 8.55201610317e-05
6 1 18000 9.826146137e-05
2 4 108000 0.000132358014855
4 6 19000 3.50613110793e-05
3 1 113000 9.64732587305e-06
1 4 929000 1.76752268837e-05
0 7 504000 0.000193131937832
2 7 440000 4.1070696946e-05
1 0 20000 0.000152934123976
6 7 6000 7.20798953209e-05
7 2 1373000 0.000422442696545
7 3 29000 0.000300986448774
5 0 3083000 0.000362099924876
2 4 482000 4.09312690621e-05
5 4 8000 6.93058107786e-05
1 7 6000 6.8228598584e-05
2 7 2864000 2.28451062034e-05
6 0 2816000 1.94618631026e-05
5 0 1198000 0.000194010159568
3 1 79000 6.9003999972e-05
5 1 6000 0.000113285690905
6 1 6000 0.00017182560064
4 5 1576000 9.36343427509e-05
1 6 2000000 1.52704741865e-05
1 5 22000 5.8345778732e-05
3 7 692000 2.79025280481e-05
7 3 2402000 1.95433613841e-05
7 1 5516000 9.1639031885e-06
4 7 2427000 0.000305927195903
2 6 263000 7.45734010017e-05
4 0 215000 7.27511690717e-05
7 6 1766000 2.13226665358e-05
1 4 5864000 0.000336733842282
3 4 4210000 7.7618979561e-05
0 3 58000 4.19211768392e-05
0 5 28000 0.000263030174501
6 3 2526000 0.000110510421414
5 6 2644000 3.58794280335e-05
6 5 194000 0.000298161776953
1 3 41000 0.000100434093337
3 4 3141000 0.000115182617737
1 4 6000 0.000280282158366
2 0 112000 2.77934566493e-05
5 0 6000 7.20689237348e-05
4 6 1238000 2.090923094e-05
7 0 815000 0.000138593460326
5 1 6000 0.000130916343976
1 0 11000 9.72797589636e-05
7 4 247000 0.000112625011227
4 0 14000 0.000124993885422
7 1 15000 7.04485345371e-06
1 6 23000 9.34467394387e-05
7 0 52000 5.0693340411e-05
7 2 25000 0.000322325659364
5 6 13000 0.000211499779335
0 7 131000 7.63668360046e-05
2 0 25000 0.000119190384695
5 0 1114000 0.000210684820625
1 0 46000 1.71413656731e-05
3 1 452000 5.19606305902e-05
2 4 47000 0.000728295340128
7 6 33000 0.000133321647019
2 5 10000 0.000169678892054
7 2 13000 5.59787912469e-06
3 4 94000 8.9074768596e-05
2 3 15000 3.75626246696e-05
2 4 2564000 0.000467573686832
7 5 42000 0.000525622740934
4 0 28000 0.000145072469003
6 1 48000 4.99335374495e-05
1 6 5978000 8.48218191041e-06
3 0 48000 5.0790608277e-06
2 0 6000 5.64366183546e-05
1 7 6000 0.000113570076253
1 6 22000 0.000200699034462
1 4 1156000 0.000134308620325
4 2 16000 0.000177248871768
3 5 1111000 4.67413831009e-05
5 0 378000 6.55088429347e-06
1 0 36000 4.94868500245e-06
1 0 15000 0.00012894515596
4 3 765000 2.57051976278e-05
1 4 377000 0.000251709696053
5 2 45000 0.000119657019104
1 3 6000 7.06038010028e-05
4 2 2227000 5.17084029887e-05
4 1 360000 1.9684796269e-05
4 3 6000 0.000296688323879
7 2 6000 0.000211122985065
1 6 29000 3.4443632297e-05
1 0 556000 6.56068054656e-05
6 0 6026000 7.98737216334e-05
2 4 676000 1.08719882017e-05
1 5 2498000 9.00012098577e-05
6 3 3209000 3.09540972361e-05
0 5 6000 0.00017878114558
6 3 25000 0.000335255074905
5 0 4287000 0.000100302926374
0 4 12000 5.89539258249e-05
7 0 1078000 8.0754528555e-05
1 6 10000 0.000114101333978
6 2 1108000 1.24549804383e-05
4 1 106000 7.40936185117e-05
5 1 6000 0.000223180567116
2 4 6000 0.000102491413391
2 3 5663000 1.55595082019e-06
1 4 121000 5.76495424713e-05
6 1 27000 2.01871570147e-05
0 6 16302000 8.71835206993e-05
2 0 26000 0.000152237543822
4 5 12000 3.52986079921e-05
6 2 62000 0.000138082132035
3 0 12427000 8.73393942435e-05
3 5 6000 0.000316012625498
2 3 15000 6.93220799557e-05
4 6 10318000 3.28707693797e-06
7 1 3917000 0.000179581867265
6 5 667000 6.8499858783e-06
0 5 35000 7.04655899602e-05
7 0 1956000 1.173684127e-06
7 4 5079000 0.000121416882379
2 3 31000 4.08880092122e-05
4 2 208000 0.000165037902166
3 0 6000 3.30942176796e-06
4 1 26000 2.24141435683e-05
6 1 51000 0.000124623639209
7 0 50000 0.0001700777759
7 1 54000 0.000665042783001
4 0 920000 0.000218056129987
0 3 9000 8.76094297642e-06
2 6 2369000 0.000147689186807
2 1 6000 7.33597727265e-05
0 3 1801000 9.178583113e-05
7 1 2667000 9.54091796213e-06
0 5 3266000 5.25146048858e-05
1 7 22000 9.35689967316e-05
4 5 19000 0.000481616291732
2 0 2080000 5.94459090484e-05
1 0 25000 4.6934715783e-05
6 3 34000 0.000184801411431
5 6 12000 0.000236890073484
0 3 38000 0.000192787429016
6 3 15000 4.95936281901e-05
1 3 4967000 9.16079382436e-05
1 3 74000 4.77580697045e-05
1 3 40000 0.000431876607126
0 4 23000 0.000309387481972
3 4 469000 0.000146276904696
1 2 6000 1.6234300098e-05
2 0 31000 6.9156995967e-05
0 5 611000 0.000184068441216
2 0 30000 0.00015091326552
5 6 35000 4.14425812356e-06
3 4 3575000 0.000216195856183
2 1 1057000 8.44590371993e-05
1 5 1409000 7.3075986869e-05
0 7 420000 1.5290282245e-05
0 2 10265000 0.000175144686638
0 4 11196000 0.0006595820013
3 0 6000 6.69263613853e-05
3 5 2487000 6.67390904763e-08
2 7 11000 1.84732779589e-05
3 0 6000 0.000177353267186
1 7 1986000 1.48004166436e-05
5 0 64000 7.19121240098e-05
0 2 41000 0.000588107914234
3 0 74000 7.39092596955e-05
2 1 390000 6.87195819604e-05
3 6 112000 0.000284090878441
5 7 2005000 7.71095257901e-05
2 3 17000 8.91805064565e-05
0 5 7000 5.08574726026e-05
6 5 6000 0.000289814299456
3 4 3485000 0.000136518287851
1 0 783000 6.69218096812e-05
1 0 5967000 9.93045348452e-05
0 5 1252000 3.24693266069e-05
5 4 1404000 0.00101367932434
0 1 6000 0.000313445373213
4 2 17000 0.000357995450667
4 2 6000 0.00025961797365
4 7 39000 6.87817870502e-05
4 5 24000 7.48596112543e-05
2 3 51000 0.000183749340537
3 6 939000 0.000504387634287
4 3 28000 0.000108405494587
7 1 20000 3.98073342964e-05
7 1 457000 3.06191151709e-05
3 6 6000 0.00070082464584
0 2 49000 4.23842700128e-05
0 7 95000 0.000339937469018
0 7 2060000 2.1426677042e-05
0 1 20000 4.84116664889e-05
0 4 2039000 0.000111393133028
7 5 6000 0.000146210971502
0 7 1536000 0.000180708636757
2 1 6000 0.00013317667789
2 3 2165000 0.000382535267563
7 2 15000 0.000175085561299
1 0 508000 0.000178807901004
2 4 308000 2.14719973648e-05
5 3 6474000 8.36555260217e-05
4 2 17000 1.27531893419e-05
0 3 25000 4.15310088597e-05
6 4 1165000 0.000175058896628
7 3 6000 9.48287136799e-05
2 5 2132000 0.000503224524751
3 5 373000 8.38409541644e-05
4 2 4520000 0.00034853968422
4 2 879000 8.19560554639e-05
5 3 20000 0.000244486259741
0 7 205000 4.4792220832e-05
7 3 257000 0.000112413833788
7 4 6000 9.75349205046e-05
4 5 21000 2.58895828311e-05
7 4 35000 0.000335071401394
3 5 10000 6.91839268609e-05
1 3 20000 2.95051040247e-05
3 2 6000 0.000661442272623
2 3 4666000 4.30658460167e-05
0 5 666000 9.62332364871e-05
3 0 993000 6.27023588813e-05
4 2 423000 0.00014053345112
1 4 2682000 0.000167114930192
6 3 6000 0.000220720799993
0 2 545000 4.65060387287e-05
6 1 39000 4.25557856985e-05
2 0 26000 4.34663682158e-05
4 3 42000 0.000215110247041
6 3 8000 0.000115783048063
2 6 187000 0.000261402974672
0 5 856000 0.000113677155749
3 0 296000 0.000272263051871
1 2 6000 0.000293352731304
7 0 488000 0.000108227788237
4 3 630000 2.04163842017e-05
2 1 6000 0.000376013951411
0 1 10000 2.7555879474e-05
4 5 18000 0.000243311298823
3 7 16000 0.00019519489248
0 3 18000 6.29092526685e-05
7 0 131000 9.52931033833e-05
3 1 424000 6.30287295931e-05
2 7 47000 0.000117191226134
0 7 9000 0.000777319161023
5 4 15000 0.000410132559531
6 7 6000 0.000100344906813
1 0 40000 0.00026966145255
7 5 35000 0.00041768130784
2 1 3974000 0.00037982666316
5 3 42000 0.000222020425015
6 7 6000 4.28074350867e-05
6 5 2077000 0.000258329844992
2 4 33000 8.48512207985e-06
3 4 6000 0.000237069806751
3 4 6000 2.13241518656e-05
2 7 183000 0.000377933371915
0 5 13000 1.68930640081e-05
6 4 37000 0.000148740298687
2 5 1907000 0.000751299730505
2 5 6000 9.96666837527e-05
4 6 2113000 0.000259673143532
3 1 6000 0.000226264255398
7 0 3719000 8.93976275775e-05
7 4 50000 4.20816730373e-06
7 1 427000 0.000119194545899
5 3 2952000 0.000230599099512
5 1 662000 4.78201774081e-05
5 6 19000 7.71134202671e-05
1 2 470000 2.92785741458e-05
5 0 50000 0.000340915827761
6 0 7000 0.000102529550521
4 6 20000 6.48100568796e-05
0 4 18000 0.000293895324781
5 4 119000 7.6053092011e-05
2 3 733000 5.03341443785e-05
0 4 6000 3.33843617515e-05
5 3 45000 0.000897952662121
4 1 15000 9.97121714117e-05
0 3 553000 0.000126911913119
5 4 13771000 1.97807423548e-05
7 5 3333000 0.000324549251441
3 4 995000 0.000307949296771
3 7 3154000 0.000109659602751
4 2 12266000 0.000220527668469
1 6 234000 5.72218964989e-05
1 4 18000 0.000154541647611
4 3 6000 8.93326370777e-05
6 0 127000 0.000100917755674
5 3 1619000 5.68934325509e-05
5 0 30000 0.000450548760531
3 5 1773000 0.0001369296635
3 6 35000 3.07426284842e-05
5 0 683000 3.41900126322e-05
1 4 1233000 0.00021547242553
4 3 24000 0.000180256968238
7 6 6249000 6.88699539639e-05
7 2 463000 3.04106098903e-06
2 1 114000 0.000289009891213
3 6 39000 4.62584986463e-05
1 2 542000 0.00011806059163
2 6 1223000 5.51530703841e-05
3 7 614000 4.16831744081e-05
7 5 368000 3.23090810015e-05
3 0 6000 0.000167020824116
5 1 19000 7.32283435834e-05
7 1 8301000 2.37320826195e-05
7 2 23000 7.25424022099e-05
2 6 450000 4.517259301e-05
1 3 51000 0.000240343984716
7 6 6000 0.000301386024184
3 0 1177000 7.50419006312e-06
0 2 185000 8.4770987363e-06
2 7 16000 0.00050530569323
6 2 38000 0.00024257267871
6 2 31000 4.79157000235e-05
0 6 487000 0.000139738970305
6 4 649000 0.000299886425146
7 2 39000 1.57172919302e-05
6 7 620000 1.43107750796e-05
2 5 2012000 0.000201213547011
7 4 4786000 5.87313695166e-06
4 6 11000 0.000628116843202
4 2 2821000 0.000143938654194
7 0 20000 2.3425797109e-05
4 6 5182000 3.53274321414e-05
5 4 2497000 0.000196706395846
2 7 23000 9.8669906808e-05
0 4 28000 5.80190716004e-06
0 2 1630000 0.000193582669801
0 6 6000 0.000193999703902
2 3 41000 0.00024532920108
7 1 50000 0.000360076246544
3 5 27000 9.27763774616e-05
2 5 638000 0.000246919461373
1 3 4520000 0.00045022614315
3 7 106000 0.000116649042354
7 4 55000 6.00586073274e-06
5 6 14000 0.000278746792072
6 4 6000 2.57854915593e-05
0 3 1636000 4.54008679991e-05
2 7 6000 9.40622131695e-05
6 2 6000 5.22604497997e-05
3 0 13000 7.77272014105e-05
5 4 39000 7.93742274374e-06
0 6 1889000 9.88742799144e-05
2 7 6000 0.000119553893522
2 7 43000 0.000143031069156
7 5 45000 0.000321173927524
0 1 350000 0.000345742758216
4 3 272000 4.22991278104e-05
6 4 3128000 1.92737655813e-05
1 5 149000 8.65086544464e-05
3 5 40000 0.000140115885434
4 7 17000 3.96463097425e-05
6 4 6000 5.00602256668e-05
3 5 48000 7.95217210534e-05
6 5 6000 0.00010828639977
6 5 28000 0.00035978298742
6 3 19000 0.000241752946456
0 6 22000 1.52404763822e-05
0 3 3869000 0.000213212317627
2 7 18991000 8.48635916386e-05
4 6 64000 2.91735770486e-05
7 4 16000 6.85108448801e-05
6 3 17000 8.90986364217e-05
4 1 1306000 0.000131333324005
5 0 44000 0.000289100808824
7 6 14000 1.72807812993e-06
6 2 30000 4.04574881339e-05
5 3 21000 4.8955611007e-05
3 6 532000 6.12623826091e-06
7 0 6000 4.19107999479e-05
6 5 83000 7.76242924387e-05
4 5 6000 2.28717870838e-05
6 3 16000 7.16219463581e-06
5 3 15000 2.47706159662e-05
1 2 37000 0.000333216323677
7 2 22000 0.000207184525468
6 0 58000 0.000186852322584
5 2 4793000 3.38013161922e-05
7 4 19000 0.000135110637672
0 4 52000 0.000190188385572
4 0 860000 0.000115541675427
7 2 1241000 9.9868719607e-05
1 2 812000 2.46498087275e-05
5 0 638000 0.000252192121015
4 1 20000 2.53089536453e-05
2 6 5567000 2.97230707273e-05
4 3 776000 0.000128896190494
1 4 36000 0.000686015857355
3 1 874000 0.000191560027555
4 3 51000 5.29630227701e-05
6 1 6000 5.32979124195e-05
4 1 6000 0.000250491250817
7 0 6000 5.63342570723e-05
3 1 36000 0.000206818361805
7 1 4393000 7.25785022877e-05
4 0 93000 0.000345828047849
7 0 13749000 0.000185709567322
6 0 6000 8.67611416324e-05
2 3 6000 0.00019120208192
3 2 3798000 0.000171945441723
2 7 738000 0.000262978591921
0 2 28000 0.000411303296351
6 3 299000 9.93766819291e-05
0 3 6016000 0.000353497913237
7 6 6000 7.3491591559e-06
6 1 9000 6.18873894598e-06
2 5 3306000 6.55951919966e-05
0 4 252000 4.92013864268e-05
7 0 35000 0.000254671332838
4 2 3137000 2.51908004991e-05
4 1 23000 3.37594931559e-05
6 3 1130000 6.17338545881e-05
0 7 84000 0.000172441685378
7 3 14000 0.00010829825907
4 6 7000 0.000211291086337
5 2 45000 0.000343028760428
3 1 129000 0.000440893533463
0 7 3670000 0.000153707646184
7 4 6000 3.43253392054e-05
2 6 1883000 2.1377785022e-05
7 2 14868000 0.00016008434247
1 7 3382000 0.000342889865246
3 0 6000 0.000367951436833
1 6 141000 8.4986136087e-05
3 7 2473000 0.000332350281092
7 3 11000 8.4439769259e-06
6 1 6225000 0.000189095681441
7 1 76000 7.45458838347e-06
5 6 35000 6.17216609473e-05
6 4 23000 4.17147049656e-05
5 3 6000 8.75462384853e-06
5 3 2736000 1.88473805531e-05
1 6 4255000 0.000151433471297
3 7 16000 0.000137898283981
0 5 15000 1.86790207488e-05
7 6 130000 0.000340269791589
7 2 33000 0.000156367872639
7 3 3045000 0.000145838002263
6 3 121000 6.43333496675e-06
3 0 21000 7.34112264831e-05
0 1 6000 0.000521430441765
7 4 44000 0.000170179792931
5 0 74000 0.000263067424412
4 6 1115000 0.000150181199844
6 1 830000 0.000217746634223
7 2 1639000 3.06894827409e-05
1 4 4366000 0.000151627359926
7 4 6654000 0.000137964367898
7 4 46000 3.31374340687e-05
3 4 671000 0.000150653963514
7 5 6000 0.000145646309873
6 2 6000 0.000284250706152
0 2 6000 0.000274942765931
0 2 13450000 0.000113340236961
5 6 51000 9.10171132771e-05
0 4 6000 0.000110464263847
1 4 38000 2.5764285323e-06
0 1 313000 1.69711697633e-05
2 3 6000 7.58394015539e-05
6 7 1052000 6.83541594224e-05
7 5 5089000 9.88043721042e-05
7 6 596000 8.54936318659e-05
5 4 9665000 8.30062164547e-05
1 6 104000 0.00028863310131
4 7 37000 2.94605127977e-05
4 0 1122000 5.75669973426e-05
0 1 16013000 9.25888865315e-05
3 5 6000 7.86501541234e-05
3 7 26000 0.000157859196241
7 4 2283000 0.000118929628645
0 5 6000 1.6838749779e-06
3 7 50000 0.000548695161906
1 6 3338000 0.000164933511366
1 4 709000 3.79463599554e-05
3 7 31000 6.3559290487e-05
3 0 34000 0.00037420956623
1 0 305000 0.000109065425032
5 4 6000 0.000135087434143
7 0 773000 0.000155190989695
7 2 119000 0.00012007340837
5 7 5713000 9.71768477009e-05
0 3 8000 0.000312880492604
1 0 19000 2.98437544528e-05
6 7 27000 9.98252627769e-05
4 6 6461000 0.000223886513917
0 6 6000 5.04180786738e-05
3 1 39000 0.000135400676019
5 0 24000 0.000573899742709
7 5 96000 6.41254374374e-05
2 4 9000 3.40381508512e-05
4 5 16000 4.34430145282e-05
6 7 6000 8.93102533448e-05
2 1 82000 7.83287225381e-05
1 4 2348000 0.000193794233191
1 2 13000 1.79484183194e-05
1 4 51000 2.97620175809e-05
6 4 3434000 0.000146619999563
4 2 39000 0.000250432524034
6 1 40000 0.000667846752607
3 0 26000 6.07728553521e-05
7 6 15000 7.46983362399e-05
6 0 45000 2.85640753486e-05
5 3 23000 7.15477453115e-05
1 6 365000 0.000193009178235
4 2 406000 0.000211880684611
1 3 73000 6.7002903988e-05
0 4 23000 0.000239389777451
2 3 6000 0.000212249194279
3 7 116000 2.62949976682e-07
3 1 25000 3.94276751448e-05
4 7 4709000 1.44859040887e-05
4 3 8159000 0.000173962594415
1 3 6000 2.29177861322e-05
0 6 2634000 3.35998271268e-05
0 4 2019000 5.44423827464e-06
2 5 1368000 0.000450341462991
3 2 544000 0.000279436234792
5 1 1168000 9.22994563402e-05
3 7 513000 9.91919125375e-05
7 2 316000 0.000222453728269
3 2 13000 6.3836934439e-05
5 6 220000 2.62115036604e-05
5 7 28000 1.26277783594e-05
1 7 15000 4.7049230667e-05
6 0 24000 0.000109572832336
1 5 2296000 2.03690403169e-05
1 7 18000 0.000266498671136
6 0 11000 0.000203376696192
2 3 1877000 0.000128306331132
4 1 35000 1.83184801352e-05
4 1 11000 0.000129678924288
1 2 6000 6.11079129391e-05
0 1 120000 0.000110896298097
2 7 6300000 8.32509743167e-05
4 3 1065000 0.000268571843947
1 6 2637000 2.27418386476e-05
1 6 49000 1.14343934328e-05
1 3 6000 8.72553848972e-05
7 2 52000 0.000178603218942
1 5 17000 3.95180784956e-05
7 4 2599000 0.000304780264392
4 7 4969000 0.000296149967592
4 2 42000 8.60819285411e-05
3 7 45000 0.000216838377912
3 6 6000 0.000245263335035
2 6 31000 2.93601995522e-05
0 1 36000 1.0417011493e-05
4 2 22000 0.000123853119335
3 5 17000 0.000304043983325
7 4 5398000 2.89926267703e-05
3 1 49000 0.000143470109911
7 6 53000 2.27799477157e-05
7 5 1030000 0.000250691362018
5 2 10000 5.23488155204e-05
3 4 13163000 0.000317800575339
3 0 6000 5.81224029885e-05
7 3 169000 3.77434387286e-05
7 5 30000 0.000226888437953
3 0 17000 7.75776646575e-05
5 1 600000 2.14727281895e-05
6 0 16000 3.4675024966e-05
3 6 17000 3.20760023345e-05
5 7 204000 0.000229547449805
1 2 3273000 2.75515488912e-06
4 3 7065000 6.39973839245e-05
1 3 35000 0.00108179649724
4 3 34000 6.66427186766e-05
6 7 1186000 8.74559751054e-05
3 5 1764000 0.00022217178084
2 6 6000 1.14225193613e-05
4 3 6000 0.000335041373587
5 6 23000 9.86591740606e-05
