0 2 7 6000 0.0
1 2 3 876000 0.000245820559869
2 3 7 5206000 0.000203208829819
3 6 0 7492000 2.40159586646e-05
4 2 4 6000 0.000147967878859
5 3 7 37000 0.000248182452794
6 6 5 17000 4.03298532055e-05
7 1 2 26000 2.81224224985e-05
8 2 5 4018000 0.000538219857658
9 7 3 6000 3.38284258561e-06
10 7 4 6000 0.000170533793302
11 7 5 15000 0.000109311044018
12 5 1 6000 4.72766843258e-05
13 2 0 6000 0.000168441769413
14 3 2 759000 0.000107953310574
15 5 6 6000 6.67027849e-06
16 3 5 18000 0.000185078350462
17 5 0 534000 9.03654436626e-05
18 1 0 438000 0.000342091968686
19 5 6 3017000 4.67651252463e-05
20 5 1 665000 4.51514180324e-05
21 2 4 10000 0.00014146290425
22 4 7 6095000 0.000556824509431
23 3 1 45000 1.85752837187e-05
24 5 0 25000 0.000332289286183
25 1 7 388000 4.76419480999e-06
26 3 7 20000 8.96643345165e-05
27 4 5 1635000 0.000189884256092
28 0 1 14000 1.13578243703e-05
29 2 3 1213000 7.77793042139e-05
30 7 6 49000 0.000116390905433
31 2 7 6000 0.000181051252814
32 0 3 41000 7.17758734654e-05
33 1 3 4471000 6.31201697954e-05
34 7 1 1070000 0.000122723861495
35 5 4 2792000 0.000113816477767
36 7 3 6000 1.00812261721e-05
37 5 1 6000 8.72882963647e-05
38 2 1 27000 4.075068609e-06
39 0 7 4776000 7.04144346408e-06
40 3 5 19000 6.82747133918e-06
41 4 3 32000 4.034319615e-05
42 3 0 29000 9.43978613026e-05
43 7 4 398000 0.000123759489509
44 2 0 448000 9.5641013105e-05
45 3 1 931000 8.45786414205e-05
46 6 4 2042000 2.37502918718e-05
47 5 2 6510000 3.08409535348e-05
48 2 6 9848000 0.000120225554056
49 0 3 6000 0.000206474504857
50 7 1 1325000 3.8981305565e-05
51 6 0 42000 0.000250171084775
52 6 1 6000 7.49530069311e-05
53 6 4 1036000 0.000271797829305
54 0 7 9000 2.43715400088e-05
55 5 2 16000 9.74415510278e-05
56 1 5 25000 5.20256752132e-05
57 1 7 44000 4.67832740112e-05
58 1 3 666000 0.000117860663992
59 2 4 30000 0.000114237891778
60 7 1 12000 3.53520961742e-05
61 5 1 1501000 3.40580146123e-05
62 2 1 11000 3.00645568581e-05
63 6 0 1321000 0.000365675691879
64 2 5 5564000 6.86028077241e-05
65 2 4 55000 0.000144622998414
66 6 7 23000 5.52250229906e-05
67 7 1 6000 2.51588593188e-05
68 4 3 428000 0.000185614413813
69 4 3 6000 3.31822005584e-05
70 5 3 1195000 0.000302615303965
71 2 0 15000 6.67211319991e-05
72 5 4 243000 6.54586803117e-06
73 5 1 6000 1.76424006684e-05
74 5 6 58000 4.14037610184e-05
75 0 6 502000 4.00887605672e-05
76 3 0 126000 0.000108660718027
77 2 6 6341000 0.000225917245984
78 5 2 16000 1.59508080022e-05
79 0 1 4686000 0.000108659198337
80 6 1 1195000 4.3305284658e-05
81 2 6 509000 3.43348920433e-05
82 7 5 43000 0.000163858939056
83 1 0 22000 0.000192555126529
84 5 1 33000 6.25073451535e-05
85 5 6 2157000 0.000315686859788
86 3 1 947000 0.00013292062256
87 3 7 631000 0.000256234354639
88 4 2 16000 5.53903749378e-06
89 5 1 50000 1.95950133928e-05
90 4 5 6000 7.40371362529e-06
91 7 3 29000 6.76919009461e-05
92 6 5 18000 1.57564060415e-05
93 2 5 686000 0.000398354294254
94 3 0 650000 0.000648297521448
95 5 7 5752000 0.000174159363455
96 0 5 5277000 0.000516578635488
97 7 5 17000 5.23390754279e-05
98 7 1 18000 0.000269323661806
99 6 0 51000 1.34491073325e-05
100 2 7 2310000 4.88524981961e-05
101 1 4 15000 0.000247556320569
102 0 3 631000 3.02688259732e-05
103 0 4 6655000 0.000306679362647
104 0 2 409000 0.000107890516485
105 7 5 3313000 7.11082366076e-05
106 5 3 110000 0.000138607023452
107 6 4 2006000 7.27300099357e-05
108 7 0 6000 0.000170441277404
109 5 1 23000 1.71781994394e-05
110 2 7 6000 1.45320643274e-05
111 4 0 48000 0.000546601807804
112 5 6 6531000 2.58999525733e-05
113 6 1 1076000 0.000308109599369
114 3 2 38000 0.00038450283548
115 1 3 482000 3.10256213365e-06
116 7 5 459000 1.08732017974e-05
117 5 6 112000 0.000258250352406
118 2 7 88000 0.000302784858632
119 0 3 37000 0.000110195565529
120 7 3 14000 9.29645325609e-06
121 2 5 6000 0.000409329769422
122 7 2 3275000 0.000351222275998
123 5 1 87000 0.000212517559901
124 6 4 18000 0.000117560275049
125 0 5 21000 0.000454641481982
126 2 0 1552000 4.09838907929e-05
127 0 2 6000 3.20431932832e-06
128 3 6 4360000 2.39875596437e-05
129 5 2 3097000 0.000102954588917
130 2 1 20000 8.7417930708e-05
131 7 1 14000 1.68237241585e-05
132 4 3 45000 0.000730841760777
133 5 3 934000 0.000460395811873
134 2 5 33000 9.58074180235e-06
135 1 0 39000 0.000475402218789
136 7 3 1242000 1.9492272642e-05
137 4 2 37000 9.97025097549e-05
138 1 4 6000 9.74889449858e-05
139 6 4 427000 0.000277886716851
140 1 4 3455000 0.000276497091129
141 2 0 20000 8.29999704055e-06
142 5 4 224000 9.67920287855e-05
143 7 4 6153000 0.00024121434065
144 1 3 2027000 0.000125535652965
145 4 6 34000 6.39731877723e-05
146 4 1 289000 6.93015641617e-05
147 2 3 19000 0.000451671889378
148 3 4 1238000 3.62455874081e-05
149 3 5 6000 0.000285860472287
150 2 6 49000 2.87801549081e-06
151 0 6 6000 5.18589120713e-05
152 7 5 1821000 0.000134565908796
153 3 6 38000 5.58627718881e-05
154 6 5 14223000 0.000350619789414
155 6 7 50000 7.91633259436e-05
156 6 4 6000 3.35155688922e-05
157 2 0 17119000 1.45419909896e-05
158 4 1 183000 0.000294374017673
159 6 1 694000 3.6902288914e-05
160 7 6 25000 5.30476160674e-05
161 1 0 6000 8.29050715945e-06
162 0 4 110000 9.1351844191e-05
163 1 4 433000 3.69604222772e-05
164 4 5 27000 8.27636855718e-05
165 0 2 99000 4.60383203695e-05
166 0 3 859000 0.000284311587747
167 7 1 113000 3.65323814979e-05
168 1 3 444000 0.000133768216238
169 7 1 24000 0.000118270695057
170 4 1 154000 9.99566058062e-05
171 1 5 8274000 0.000493307112701
172 4 7 2533000 4.41259092905e-05
173 5 1 1419000 0.000223740186184
174 4 1 52000 2.90174975288e-05
175 5 3 3862000 0.000335280638033
176 6 5 6000 6.46316818553e-05
177 3 7 6000 0.000151187606611
178 7 1 198000 0.000116470394787
179 6 5 11000 0.000179613033346
180 5 7 6000 0.00022342622768
181 7 1 19828000 5.86937603395e-05
182 3 7 864000 0.000138533382107
183 2 0 69000 3.77495519954e-06
184 2 3 6000 0.000125604095327
185 4 0 76000 0.000148395908791
186 0 4 6000 0.000998833972267
187 5 4 34000 0.000123903890047
188 6 5 5016000 6.37606626475e-06
189 7 1 36000 0.000187405646238
190 2 3 1563000 2.83423905527e-05
191 5 7 2331000 3.92752449179e-05
192 4 2 43000 8.5053999755e-05
193 5 1 28000 3.29547237758e-05
194 5 6 439000 0.000117537750013
195 7 1 31000 0.000436996256694
196 3 7 22000 0.00010725668657
197 3 0 471000 0.000181362643783
198 0 2 6000 3.81267446063e-05
199 4 5 1600000 3.27675868041e-05
200 7 2 644000 0.000427783895235
201 5 6 14000 0.000103186246206
202 1 0 17000 0.000156141662551
203 4 5 18000 7.38957510875e-05
204 0 7 937000 5.45276354678e-05
205 5 7 6000 0.000125140306065
206 0 5 17000 0.000582594165834
207 5 1 35000 8.13502430914e-05
208 6 0 942000 5.69877984107e-05
209 5 7 13000 4.45270903247e-05
210 3 4 6000 4.9393936671e-05
211 0 3 9000 0.000111344131627
212 6 1 26000 0.000683000452591
213 2 0 37000 0.000286026341124
214 6 4 43000 5.14514315906e-05
215 3 5 52000 0.000115420921593
216 4 6 14000 0.000162813341336
217 3 6 28000 0.000263787393237
218 2 7 19000 3.10438543147e-05
219 1 2 18000 0.000100046700462
220 4 7 22000 0.000106393105731
221 2 0 42000 0.000306061617641
222 2 7 18000 7.85816811351e-05
223 1 5 6000 0.000194275941053
224 2 1 16000 9.27692314834e-06
225 3 4 10000 7.70765555635e-05
226 5 0 14890000 0.000187015770982
227 2 3 635000 0.000241511481744
228 6 4 318000 6.87846251877e-05
229 6 2 329000 3.47133619534e-05
230 5 0 17000 0.000124528107834
231 3 4 26000 4.09423448715e-05
232 7 0 9000 0.000235856362221
233 6 4 990000 0.000296350664648
234 6 1 49000 0.000238108526583
235 1 0 5567000 5.9918152256e-05
236 6 0 10000 0.000107525773722
237 0 2 6000 3.34742508303e-05
238 3 6 6000 2.45620093662e-05
239 5 3 2264000 2.24322974285e-06
240 4 0 148000 7.56841593352e-06
241 3 0 814000 0.000406452223527
242 6 3 11000 0.0003265558863
243 2 1 28000 2.47846789603e-05
244 6 3 33000 1.16428720489e-05
245 2 4 43000 8.70217784843e-05
246 5 3 45000 8.92799462948e-05
247 3 1 6085000 0.000142923304166
248 5 1 2305000 0.000200249511508
249 6 3 43000 6.74332798627e-05
250 3 2 132000 9.29404560694e-05
251 6 5 18891000 6.19912119675e-05
252 6 0 22000 7.94489704121e-05
253 7 5 6000 0.000346444501795
254 0 2 11015000 0.000355297466133
255 4 0 315000 0.000297740849399
256 6 3 6000 0.000164324314931
257 1 2 37000 3.5520087811e-06
258 6 1 43000 6.7532002116e-05
259 2 1 3660000 8.76394786231e-05
260 0 4 36000 3.08061478846e-05
261 1 7 2404000 3.15941205973e-05
262 2 3 31000 3.70521972177e-05
263 1 5 3982000 0.000176291742397
264 7 2 614000 9.47728105609e-05
265 0 5 6000 0.000219742635344
266 1 6 27000 1.80724728387e-05
267 6 3 6000 2.99132555093e-05
268 6 5 30000 3.10123653182e-05
269 7 4 6000 0.000184359876791
270 0 6 37000 0.000150183990506
271 2 3 10000 1.0727779616e-05
272 2 0 4322000 1.61937872329e-05
273 6 2 68000 0.000201340264773
274 1 7 15718000 9.5467519579e-05
275 0 5 14000 0.000125183754744
276 7 5 210000 3.77164843859e-05
277 1 3 38000 0.000525245206365
278 0 5 97000 2.41028546388e-05
279 0 6 6000 0.000314939357732
280 1 0 6437000 0.000127354337816
281 1 4 12535000 0.000196067961263
282 3 4 16000 0.000191088545632
283 5 7 50000 8.12280605276e-05
284 5 4 28000 0.000340384406223
285 3 4 6221000 9.36625317192e-05
286 4 2 116000 9.96723184483e-05
287 6 3 532000 0.000119419534233
288 1 0 23000 2.12890241169e-06
289 6 4 18000 8.04230307476e-05
290 1 0 81000 3.58075983242e-05
291 1 3 3826000 7.75868862382e-05
292 4 6 1286000 0.0001767838161
293 5 0 2990000 0.000277809803757
294 7 3 53000 1.05039395626e-07
295 3 4 1144000 0.000102436797369
296 7 0 10483000 3.91632116363e-05
297 5 7 26000 7.45413425847e-05
298 0 3 479000 2.62970562099e-05
299 2 7 2664000 0.000186156531117
300 6 4 817000 7.51711400357e-05
301 2 1 16000 5.37559438452e-06
302 6 2 1788000 4.96706520381e-05
303 5 7 169000 0.000132180081646
304 4 3 34000 8.23484053192e-06
305 7 6 1910000 1.42321839069e-06
306 2 4 238000 6.76272927866e-05
307 6 0 621000 0.000130165481752
308 3 6 1154000 0.000162153895437
309 4 7 956000 0.000273495702922
310 2 0 7000 1.40373338353e-06
311 4 0 37000 0.000168826806292
312 5 0 2387000 0.000183512673499
313 3 5 6000 3.71340536698e-06
314 7 4 364000 0.00011748570596
315 0 2 39000 1.85480576471e-05
316 1 6 6000 2.31466000522e-06
317 1 6 861000 0.000181014654089
318 3 6 30000 0.000121795080822
319 3 6 19000 4.47978682356e-05
320 2 6 2436000 0.000271518513417
321 7 6 5604000 0.000402635028554
322 6 1 6000 4.82970791114e-05
323 0 2 6000 3.94646261968e-05
324 0 2 104000 0.000144721245168
325 2 5 6000 2.87006515782e-05
326 0 5 6000 7.63604223684e-05
327 1 3 702000 0.00024134351984
328 1 3 74000 5.87691659273e-05
329 3 6 5580000 3.66118180724e-05
330 6 5 448000 0.000169127876039
331 7 1 501000 9.05514230576e-05
332 1 4 16000 5.63953806272e-05
333 4 5 6016000 0.000104786579859
334 4 7 9000 9.47481859259e-05
335 2 1 52000 4.19669907299e-05
336 3 2 111000 1.57865239059e-05
337 2 4 53000 0.000335291493119
338 7 3 13000 7.66320315111e-05
339 4 2 19000 1.77214215469e-05
340 6 4 853000 0.000555914097992
341 2 5 2268000 0.000121350635435
342 0 1 550000 0.000249903884403
343 7 6 6000 0.000150415773988
344 3 6 16000 0.000190173785337
345 7 0 825000 1.91584116591e-05
346 6 4 6000 0.000137096423129
347 4 5 1122000 0.0001126764568
348 0 5 5416000 0.00013606869979
349 2 7 6000 0.000408244295805
350 4 7 37000 9.24241281417e-05
351 7 2 798000 0.000312480059402
352 2 5 3405000 0.000417096748908
353 7 0 12000 0.000487833503779
354 6 0 51000 4.16480423104e-06
355 1 6 51000 0.000196928316173
356 0 2 6000 0.000186639681371
357 4 6 41000 0.000194054221254
358 7 3 43000 0.000103352505012
359 5 3 1678000 1.22585845741e-05
360 4 0 6000 0.000204508856984
361 0 1 1092000 6.1324801317e-06
362 7 2 6000 9.16892372671e-05
363 2 1 6000 1.10555011179e-05
364 5 6 15000 0.000261257181978
365 0 3 38000 0.000344591722685
366 6 3 6000 5.68121118838e-06
367 4 3 13000 1.35589415451e-06
368 3 5 5728000 4.50147504805e-06
369 3 6 129000 8.88646917412e-05
370 4 0 15900000 7.64356803236e-05
371 7 1 575000 0.000323748019264
372 7 4 43000 0.000268003825665
373 5 1 24000 1.15469426762e-05
374 5 1 2377000 7.99535774381e-05
375 6 1 15000 1.77331861919e-05
376 5 7 114000 3.50334206085e-05
377 7 4 30000 0.000151015643477
378 3 1 2228000 5.15372310548e-05
379 6 1 1027000 5.90666400457e-07
380 1 3 27000 5.27923781577e-05
381 6 0 127000 2.17661929227e-05
382 7 1 6000 0.000206950005206
383 2 5 81000 7.51087102961e-05
384 5 4 4677000 4.23853295628e-05
385 3 4 654000 5.02014890154e-05
386 4 7 6000 0.000226106233856
387 5 3 15000 0.000141224493984
388 1 3 6000 0.000300816844974
389 1 7 6000 0.000171023385088
390 6 5 164000 3.2934416202e-05
391 0 7 6000 0.000518988761784
392 1 4 28000 0.000131862871636
393 7 5 291000 0.000727069826082
394 3 2 46000 0.00016533683678
395 7 2 38000 9.38337292888e-05
396 2 3 22000 0.000186408018239
397 6 5 75000 0.000155086440345
398 2 3 14000 1.25175325549e-06
399 0 7 53000 0.000311549116919
400 4 0 13000 1.11353035337e-05
401 5 1 3675000 3.52623706452e-05
402 4 3 15000 6.94665845933e-05
403 1 5 18220000 5.63122334949e-05
404 3 1 6000 0.00011860629026
405 0 6 6000 6.0532353636e-05
406 6 4 6000 2.82526572919e-05
407 0 6 31000 5.67267712881e-05
408 2 3 7000 0.000210086906316
409 6 5 6000 0.0004348239004
410 7 2 44000 0.000706180918424
411 1 5 17831000 4.16271178643e-05
412 7 2 46000 6.03004240476e-05
413 6 7 1010000 0.000266759452894
414 2 4 2502000 5.5534113836e-05
415 6 5 6000 3.33432879227e-05
416 5 0 33000 7.30127262514e-05
417 6 4 12000 0.000135153951042
418 0 2 29000 6.93085047518e-05
419 0 7 1296000 5.56472976445e-05
420 4 0 24000 0.000222572054102
421 5 7 33000 2.97832511498e-06
422 4 2 78000 0.000146395235503
423 5 0 553000 0.00035525393354
424 2 0 18868000 0.000552907501495
425 3 0 649000 0.000544478414122
426 6 7 5045000 0.000458007050563
427 2 7 6000 0.000294711560609
428 5 2 6000 9.22764097577e-06
429 5 7 19000 0.000175766693058
430 1 6 6422000 6.51617552077e-05
431 6 4 570000 7.25749361139e-05
432 0 3 3047000 6.85426084757e-05
433 1 2 268000 0.000159026609878
434 0 7 13000 9.76620669351e-05
435 1 2 32000 0.000325064486105
436 6 7 24000 0.000475250503557
437 6 3 1066000 0.000687078776744
438 1 3 8000 0.00039673965927
439 4 3 2898000 0.000276668219647
440 5 3 4831000 8.68247667982e-05
441 3 0 1998000 0.000187428862257
442 1 6 757000 0.000230073132808
443 4 0 3246000 0.000122287018716
444 1 4 6000 3.99885996856e-05
445 1 6 6000 0.000488235931644
446 0 1 6000 0.000103262286732
447 6 3 5707000 0.000317441490971
448 0 1 35000 0.000142405818205
449 4 6 2848000 0.00015254622014
450 0 4 2040000 0.000157113845324
451 7 2 1112000 5.54686440231e-05
452 7 5 8000 0.000193994366901
453 2 0 107000 0.000356484327445
454 0 2 365000 8.82529156847e-05
455 5 1 17000 0.000182292996251
456 2 5 6000 8.85965915505e-05
457 5 3 11000 0.000188695161298
458 4 1 11000 6.44203537741e-05
459 4 0 5904000 5.76247234745e-05
460 4 5 57000 2.33816188699e-06
461 1 4 9887000 0.000123030408126
462 1 5 11871000 0.000584593006906
463 0 4 2551000 4.65877975739e-05
464 6 0 24000 9.39790174823e-05
465 4 6 55000 9.18009147006e-05
466 6 3 29000 0.000184958559894
467 4 5 17000 0.000301140178921
468 3 6 17000 0.000233340541232
469 5 0 240000 3.96224297519e-05
470 7 4 112000 7.29051384922e-05
471 7 3 1306000 0.000101078667264
472 3 2 6528000 2.0883410347e-05
473 5 3 13000 0.000426622738696
474 5 7 6000 0.00010181469966
475 5 1 17000 0.000214371460957
476 6 3 23000 5.00669901236e-05
477 2 0 39000 0.000130199274253
478 7 2 1293000 0.000203698256771
479 2 3 6000 0.00015429393512
480 5 0 38000 0.000155589544867
481 1 4 617000 4.3886167985e-05
482 7 4 24000 0.000339280397619
483 0 4 16000 2.52016469815e-05
484 5 6 52000 7.62267751258e-05
485 6 4 323000 0.000116191296283
486 5 4 1232000 2.79521164712e-05
487 1 7 38000 5.07297607706e-05
488 0 3 20000 2.12297406383e-05
489 6 0 15000 0.00015805298802
490 0 3 42000 8.49147880106e-05
491 0 7 6000 0.000391418576872
492 2 5 16000 0.000578879080203
493 5 0 6000 5.50232309169e-05
494 1 6 6000 8.30995348311e-06
495 0 4 7370000 9.86791338666e-05
496 1 2 12000 0.000455691492395
497 7 0 18000 1.62236364192e-05
498 0 3 89000 0.000260180035769
499 7 0 1182000 0.000182012473916
